0 0.41162109375 0.4661458333333333 0.0341796875 0.048177083333333336
1 0.51318359375 0.4739583333333333 0.115234375 0.08203125
1 0.547119140625 0.6044921875 0.02587890625 0.10221354166666667
2 0.614013671875 0.455078125 0.09130859375 0.10286458333333333
7 0.457275390625 0.5667317708333334 0.22021484375 0.11002604166666667
10 0.636474609375 0.5299479166666666 0.14697265625 0.07552083333333333
11 0.34033203125 0.4479166666666667 0.05859375 0.12890625
11 0.540283203125 0.3831380208333333 0.05029296875 0.095703125
11 0.531005859375 0.4329427083333333 0.05419921875 0.07552083333333333
17 0.537841796875 0.54296875 0.57958984375 0.4440104166666667
