0 0.424560546875 0.7080078125 0.10302734375 0.08138020833333333
1 0.37353515625 0.58984375 0.0283203125 0.23307291666666666
2 0.396240234375 0.4713541666666667 0.07763671875 0.09765625
2 0.369873046875 0.5065104166666666 0.08056640625 0.10546875
3 0.658447265625 0.5537109375 0.12255859375 0.054036458333333336
5 0.451904296875 0.552734375 0.07763671875 0.12630208333333334
7 0.548828125 0.5589192708333334 0.17578125 0.255859375
11 0.519775390625 0.6904296875 0.09814453125 0.18424479166666666
12 0.598388671875 0.52734375 0.11376953125 0.10677083333333333
17 0.51416015625 0.6412760416666666 0.560546875 0.5625
