0 0.5966796875 0.4791666666666667 0.0693359375 0.045572916666666664
1 0.597412109375 0.5491536458333334 0.07958984375 0.064453125
1 0.39404296875 0.5748697916666666 0.1337890625 0.01171875
2 0.66064453125 0.5891927083333334 0.115234375 0.13020833333333334
7 0.41796875 0.5009765625 0.099609375 0.14518229166666666
10 0.4970703125 0.6110026041666666 0.09765625 0.150390625
11 0.547119140625 0.4078776041666667 0.06494140625 0.107421875
11 0.708251953125 0.4580078125 0.05322265625 0.11393229166666667
11 0.701904296875 0.525390625 0.12744140625 0.07421875
17 0.548095703125 0.5888671875 0.56689453125 0.490234375
