0 0.35595703125 0.4957682291666667 0.0380859375 0.050130208333333336
1 0.457763671875 0.4778645833333333 0.17724609375 0.044270833333333336
1 0.595947265625 0.5856119791666666 0.05712890625 0.08138020833333333
2 0.542236328125 0.4420572916666667 0.10009765625 0.08203125
7 0.487548828125 0.5625 0.18701171875 0.17838541666666666
10 0.6201171875 0.4892578125 0.0849609375 0.10481770833333333
11 0.45263671875 0.3798828125 0.0537109375 0.08919270833333333
11 0.453125 0.4446614583333333 0.080078125 0.07552083333333333
11 0.29248046875 0.4928385416666667 0.0546875 0.13932291666666666
17 0.53173828125 0.5647786458333334 0.55859375 0.5006510416666666
