0 0.670654296875 0.5660807291666666 0.06396484375 0.043619791666666664
1 0.4091796875 0.5143229166666666 0.0625 0.078125
1 0.60400390625 0.6240234375 0.2333984375 0.06966145833333333
2 0.456298828125 0.6432291666666666 0.14208984375 0.14973958333333334
7 0.486328125 0.4733072916666667 0.15234375 0.125
10 0.3515625 0.5556640625 0.142578125 0.09830729166666667
11 0.68994140625 0.4814453125 0.07421875 0.15169270833333334
11 0.611328125 0.5823567708333334 0.0615234375 0.13997395833333334
11 0.61474609375 0.6578776041666666 0.1552734375 0.158203125
17 0.509033203125 0.5979817708333334 0.57275390625 0.474609375
