0 0.6298828125 0.5283203125 0.1337890625 0.037109375
1 0.581787109375 0.5494791666666666 0.19677734375 0.029947916666666668
2 0.443115234375 0.578125 0.11083984375 0.14973958333333334
2 0.486328125 0.623046875 0.10546875 0.13671875
3 0.3935546875 0.5634765625 0.0673828125 0.279296875
5 0.527099609375 0.5094401041666666 0.08642578125 0.11783854166666667
7 0.479248046875 0.4677734375 0.13623046875 0.09700520833333333
11 0.64111328125 0.4505208333333333 0.072265625 0.140625
12 0.43505859375 0.4723307291666667 0.0947265625 0.15299479166666666
17 0.55322265625 0.6155598958333334 0.5439453125 0.5774739583333334
