0 0.3134765625 0.6070963541666666 0.05078125 0.048828125
1 0.577880859375 0.5149739583333334 0.14990234375 0.028645833333333332
1 0.356201171875 0.537109375 0.20166015625 0.09114583333333333
2 0.4013671875 0.4554036458333333 0.0830078125 0.095703125
7 0.5888671875 0.5517578125 0.1337890625 0.20768229166666666
10 0.51611328125 0.4498697916666667 0.0537109375 0.08072916666666667
11 0.303466796875 0.4388020833333333 0.04541015625 0.10286458333333333
11 0.309814453125 0.50390625 0.12060546875 0.07942708333333333
11 0.365234375 0.6070963541666666 0.107421875 0.177734375
17 0.516845703125 0.5768229166666666 0.53759765625 0.46484375
