0 0.331787109375 0.5237630208333334 0.05419921875 0.054036458333333336
1 0.41748046875 0.4925130208333333 0.1953125 0.029296875
1 0.623291015625 0.5638020833333334 0.07861328125 0.06380208333333333
2 0.49267578125 0.4361979166666667 0.0859375 0.09375
7 0.509033203125 0.5849609375 0.14990234375 0.20377604166666666
10 0.59765625 0.4742838541666667 0.0908203125 0.07486979166666667
11 0.3994140625 0.3883463541666667 0.041015625 0.095703125
11 0.41015625 0.4576822916666667 0.107421875 0.08072916666666667
11 0.293212890625 0.529296875 0.07666015625 0.15755208333333334
17 0.5234375 0.57421875 0.5654296875 0.4661458333333333
