0 0.570068359375 0.6471354166666666 0.04248046875 0.08333333333333333
1 0.45458984375 0.5143229166666666 0.025390625 0.03125
1 0.443115234375 0.646484375 0.07763671875 0.19140625
2 0.3076171875 0.5706380208333334 0.099609375 0.11783854166666667
7 0.5634765625 0.4778645833333333 0.2080078125 0.08463541666666667
10 0.381103515625 0.490234375 0.10205078125 0.05859375
11 0.678466796875 0.5856119791666666 0.06298828125 0.18294270833333334
11 0.360595703125 0.5882161458333334 0.06787109375 0.17643229166666666
11 0.37890625 0.6630859375 0.095703125 0.18424479166666666
17 0.527587890625 0.5973307291666666 0.55615234375 0.431640625
