0 0.562255859375 0.4612630208333333 0.06103515625 0.039713541666666664
1 0.61328125 0.5234375 0.0810546875 0.10546875
1 0.41552734375 0.5895182291666666 0.142578125 0.046223958333333336
2 0.671875 0.5524088541666666 0.1171875 0.10481770833333333
7 0.417236328125 0.5250651041666666 0.15283203125 0.119140625
10 0.534423828125 0.607421875 0.11181640625 0.13802083333333334
11 0.69287109375 0.4384765625 0.0556640625 0.111328125
11 0.684326171875 0.501953125 0.10302734375 0.07942708333333333
11 0.511474609375 0.4078776041666667 0.06103515625 0.09700520833333333
17 0.529541015625 0.5751953125 0.52685546875 0.4602864583333333
