0 0.497314453125 0.453125 0.04150390625 0.040364583333333336
1 0.575439453125 0.486328125 0.03173828125 0.10677083333333333
1 0.482421875 0.6038411458333334 0.1201171875 0.09049479166666667
2 0.67041015625 0.5084635416666666 0.1064453125 0.1171875
7 0.424072265625 0.5403645833333334 0.19970703125 0.109375
10 0.619384765625 0.5830078125 0.14013671875 0.10872395833333333
11 0.626220703125 0.4065755208333333 0.04443359375 0.115234375
11 0.62158203125 0.4625651041666667 0.0703125 0.07877604166666667
11 0.42529296875 0.4231770833333333 0.0546875 0.11458333333333333
17 0.521484375 0.5419921875 0.509765625 0.4303385416666667
