0 0.356689453125 0.6477864583333334 0.16162109375 0.05078125
1 0.3876953125 0.5270182291666666 0.1103515625 0.134765625
2 0.474853515625 0.4554036458333333 0.07958984375 0.08528645833333333
2 0.42724609375 0.4635416666666667 0.0556640625 0.06510416666666667
3 0.65478515625 0.6136067708333334 0.1591796875 0.14908854166666666
5 0.454345703125 0.537109375 0.08056640625 0.12369791666666667
7 0.50341796875 0.5735677083333334 0.09765625 0.24088541666666666
11 0.341552734375 0.6774088541666666 0.10009765625 0.17513020833333334
12 0.5771484375 0.5592447916666666 0.0673828125 0.15625
17 0.526123046875 0.6588541666666666 0.59716796875 0.62109375
