0 0.599853515625 0.4801432291666667 0.06884765625 0.042317708333333336
1 0.61083984375 0.5084635416666666 0.0498046875 0.022135416666666668
2 0.544921875 0.5901692708333334 0.1162109375 0.17513020833333334
2 0.6005859375 0.5930989583333334 0.0859375 0.13671875
3 0.391845703125 0.5970052083333334 0.24365234375 0.21875
5 0.52880859375 0.4892578125 0.0732421875 0.076171875
7 0.466796875 0.4847005208333333 0.0791015625 0.11002604166666667
11 0.552490234375 0.4156901041666667 0.05029296875 0.11002604166666667
12 0.421875 0.5143229166666666 0.0732421875 0.18098958333333334
17 0.525146484375 0.5927734375 0.54150390625 0.5279947916666666
