0 0.33837890625 0.5205078125 0.052734375 0.060546875
1 0.421630859375 0.4820963541666667 0.18505859375 0.031901041666666664
1 0.614013671875 0.5651041666666666 0.07763671875 0.07552083333333333
2 0.509521484375 0.4446614583333333 0.09033203125 0.09635416666666667
7 0.513427734375 0.568359375 0.15478515625 0.19921875
10 0.606689453125 0.4749348958333333 0.07275390625 0.064453125
11 0.410400390625 0.3893229166666667 0.04541015625 0.09635416666666667
11 0.415283203125 0.4495442708333333 0.08740234375 0.076171875
11 0.28662109375 0.5166015625 0.0751953125 0.158203125
17 0.502685546875 0.5901692708333334 0.51708984375 0.498046875
