0 0.3388671875 0.55078125 0.0361328125 0.03125
1 0.406005859375 0.494140625 0.18115234375 0.0234375
1 0.6279296875 0.5494791666666666 0.080078125 0.040364583333333336
2 0.4697265625 0.4401041666666667 0.0771484375 0.09765625
7 0.54736328125 0.5651041666666666 0.1240234375 0.20833333333333334
10 0.575439453125 0.4557291666666667 0.06201171875 0.07421875
11 0.3642578125 0.404296875 0.0439453125 0.10286458333333333
11 0.367919921875 0.4560546875 0.10791015625 0.08528645833333333
11 0.29833984375 0.5592447916666666 0.091796875 0.171875
17 0.5224609375 0.5602213541666666 0.5517578125 0.4602864583333333
