0 0.40673828125 0.5950520833333334 0.06640625 0.028645833333333332
1 0.40966796875 0.4671223958333333 0.1064453125 0.099609375
2 0.502197265625 0.4192708333333333 0.07470703125 0.11067708333333333
2 0.453857421875 0.4169921875 0.03759765625 0.039713541666666664
3 0.64990234375 0.5579427083333334 0.1806640625 0.1796875
5 0.46240234375 0.4951171875 0.0703125 0.111328125
7 0.510986328125 0.5032552083333334 0.11669921875 0.23307291666666666
11 0.333251953125 0.5992838541666666 0.10205078125 0.17903645833333334
12 0.57568359375 0.5159505208333334 0.056640625 0.14908854166666666
17 0.5654296875 0.6256510416666666 0.5732421875 0.5130208333333334
