0 0.358642578125 0.6302083333333334 0.08154296875 0.048177083333333336
1 0.347412109375 0.5598958333333334 0.17236328125 0.1171875
1 0.5556640625 0.4964192708333333 0.13671875 0.016276041666666668
2 0.368408203125 0.4788411458333333 0.09326171875 0.09309895833333333
7 0.5986328125 0.5403645833333334 0.1796875 0.20703125
10 0.4833984375 0.4593098958333333 0.060546875 0.095703125
11 0.2783203125 0.4638671875 0.0712890625 0.10481770833333333
11 0.297607421875 0.5445963541666666 0.12841796875 0.080078125
11 0.4384765625 0.6350911458333334 0.099609375 0.181640625
17 0.523681640625 0.6155598958333334 0.59228515625 0.5397135416666666
