0 0.67333984375 0.56640625 0.0595703125 0.0390625
1 0.40625 0.5192057291666666 0.0654296875 0.072265625
1 0.604736328125 0.6201171875 0.21826171875 0.072265625
2 0.459228515625 0.6513671875 0.13232421875 0.15950520833333334
7 0.486328125 0.4791666666666667 0.1455078125 0.1171875
10 0.3583984375 0.5628255208333334 0.1201171875 0.10091145833333333
11 0.6865234375 0.4791666666666667 0.0810546875 0.140625
11 0.620361328125 0.5794270833333334 0.06982421875 0.12890625
11 0.62060546875 0.6585286458333334 0.150390625 0.14778645833333334
17 0.532470703125 0.5947265625 0.54248046875 0.451171875
