0 0.52734375 0.451171875 0.046875 0.036458333333333336
1 0.5947265625 0.4996744791666667 0.0263671875 0.10611979166666667
1 0.448974609375 0.6031901041666666 0.14794921875 0.07877604166666667
2 0.6806640625 0.5257161458333334 0.0966796875 0.10221354166666667
7 0.420166015625 0.5240885416666666 0.18505859375 0.13541666666666666
10 0.5859375 0.5960286458333334 0.1142578125 0.10872395833333333
11 0.6611328125 0.4143880208333333 0.03515625 0.111328125
11 0.65185546875 0.47265625 0.099609375 0.09505208333333333
11 0.462158203125 0.4186197916666667 0.05908203125 0.11197916666666667
17 0.535888671875 0.5628255208333334 0.54931640625 0.4459635416666667
