0 0.4541015625 0.4557291666666667 0.03515625 0.041666666666666664
1 0.54296875 0.4775390625 0.0732421875 0.09309895833333333
1 0.51806640625 0.6064453125 0.06640625 0.099609375
2 0.642578125 0.484375 0.103515625 0.11067708333333333
7 0.4208984375 0.5576171875 0.2294921875 0.12825520833333334
10 0.642333984375 0.556640625 0.17138671875 0.09505208333333333
11 0.3759765625 0.4332682291666667 0.07421875 0.138671875
11 0.581787109375 0.3854166666666667 0.03955078125 0.09244791666666667
11 0.574951171875 0.44921875 0.06298828125 0.09114583333333333
17 0.53515625 0.5569661458333334 0.5234375 0.5084635416666666
