0 0.648681640625 0.6025390625 0.07275390625 0.07747395833333333
1 0.541015625 0.6373697916666666 0.23046875 0.11458333333333333
1 0.43115234375 0.5208333333333334 0.015625 0.041666666666666664
2 0.393798828125 0.6341145833333334 0.13525390625 0.14192708333333334
7 0.5009765625 0.4694010416666667 0.1708984375 0.09244791666666667
10 0.355224609375 0.5257161458333334 0.13720703125 0.095703125
11 0.519287109375 0.5950520833333334 0.07958984375 0.15364583333333334
11 0.533935546875 0.6845703125 0.11474609375 0.17643229166666666
11 0.709716796875 0.5120442708333334 0.05810546875 0.15950520833333334
17 0.528564453125 0.6158854166666666 0.54248046875 0.4869791666666667
