0 0.385498046875 0.4798177083333333 0.03662109375 0.055989583333333336
1 0.47705078125 0.4671223958333333 0.1240234375 0.052734375
1 0.573486328125 0.5930989583333334 0.03271484375 0.09765625
2 0.584716796875 0.4505208333333333 0.08642578125 0.10677083333333333
7 0.46337890625 0.560546875 0.2119140625 0.15234375
10 0.63623046875 0.5192057291666666 0.1298828125 0.087890625
11 0.49609375 0.3776041666666667 0.048828125 0.09114583333333333
11 0.49853515625 0.4430338541666667 0.0751953125 0.09049479166666667
11 0.31396484375 0.4661458333333333 0.056640625 0.13151041666666666
17 0.537353515625 0.5546875 0.51806640625 0.4921875
