0 0.299072265625 0.5696614583333334 0.10595703125 0.0234375
3 0.36181640625 0.6188151041666666 0.169921875 0.18815104166666666
4 0.1943359375 0.56640625 0.0302734375 0.052083333333333336
7 0.2314453125 0.5240885416666666 0.138671875 0.06770833333333333
10 0.323974609375 0.4674479166666667 0.05224609375 0.15625
10 0.1572265625 0.5520833333333334 0.0654296875 0.21875
11 0.3720703125 0.5348307291666666 0.037109375 0.11653645833333333
11 0.312744140625 0.7024739583333334 0.11669921875 0.08723958333333333
12 0.30126953125 0.611328125 0.0830078125 0.11848958333333333
14 0.460205078125 0.6145833333333334 0.06884765625 0.09114583333333333
17 0.30322265625 0.6546223958333334 0.4697265625 0.4876302083333333
