0 0.33447265625 0.5716145833333334 0.0703125 0.049479166666666664
1 0.34423828125 0.5576171875 0.068359375 0.016276041666666668
3 0.315673828125 0.6490885416666666 0.15283203125 0.24609375
4 0.252197265625 0.529296875 0.05322265625 0.03515625
7 0.319091796875 0.5091145833333334 0.11279296875 0.09635416666666667
10 0.409912109375 0.466796875 0.05615234375 0.125
10 0.198974609375 0.4827473958333333 0.07275390625 0.169921875
11 0.39990234375 0.5690104166666666 0.0517578125 0.125
11 0.182373046875 0.6725260416666666 0.10888671875 0.10026041666666667
12 0.260498046875 0.6022135416666666 0.09521484375 0.12630208333333334
14 0.3720703125 0.6956380208333334 0.0810546875 0.095703125
17 0.31591796875 0.6458333333333334 0.451171875 0.4765625
