0 0.34130859375 0.580078125 0.0380859375 0.059895833333333336
3 0.26708984375 0.6233723958333334 0.28515625 0.205078125
4 0.326904296875 0.5234375 0.05908203125 0.0546875
7 0.387939453125 0.5221354166666666 0.06005859375 0.1171875
10 0.434326171875 0.5335286458333334 0.05517578125 0.169921875
10 0.274169921875 0.4609375 0.06005859375 0.15104166666666666
11 0.1494140625 0.6149088541666666 0.0615234375 0.09830729166666667
11 0.368896484375 0.6149088541666666 0.05810546875 0.10221354166666667
12 0.2587890625 0.5849609375 0.1796875 0.09049479166666667
14 0.23193359375 0.7054036458333334 0.0947265625 0.115234375
17 0.313232421875 0.6487630208333334 0.48388671875 0.509765625
