0 0.35302734375 0.6009114583333334 0.0546875 0.06510416666666667
1 0.215087890625 0.6923828125 0.09033203125 0.17643229166666666
2 0.26416015625 0.5055338541666666 0.072265625 0.060546875
3 0.238037109375 0.5940755208333334 0.27197265625 0.20247395833333334
4 0.43310546875 0.5263671875 0.021484375 0.025390625
10 0.41162109375 0.5979817708333334 0.06640625 0.20638020833333334
11 0.30859375 0.640625 0.0791015625 0.14713541666666666
11 0.1953125 0.5305989583333334 0.0810546875 0.0625
12 0.277587890625 0.552734375 0.15283203125 0.06510416666666667
17 0.305908203125 0.6451822916666666 0.45751953125 0.4166666666666667
