0 0.3408203125 0.6178385416666666 0.060546875 0.036458333333333336
1 0.16552734375 0.6204427083333334 0.2041015625 0.08984375
2 0.3623046875 0.5130208333333334 0.068359375 0.07161458333333333
3 0.267822265625 0.5777994791666666 0.14599609375 0.20247395833333334
4 0.46484375 0.6048177083333334 0.060546875 0.05859375
10 0.292236328125 0.6243489583333334 0.07373046875 0.20052083333333334
11 0.30126953125 0.5087890625 0.0751953125 0.054036458333333336
11 0.21923828125 0.611328125 0.048828125 0.1171875
12 0.308349609375 0.552734375 0.10302734375 0.11848958333333333
17 0.310546875 0.6595052083333334 0.46875 0.4153645833333333
