0 0.292724609375 0.6321614583333334 0.08447265625 0.046875
1 0.2041015625 0.5595703125 0.1708984375 0.033203125
2 0.423095703125 0.55078125 0.07177734375 0.08463541666666667
3 0.292236328125 0.5569661458333334 0.15380859375 0.177734375
4 0.4248046875 0.67578125 0.0703125 0.08854166666666667
10 0.189453125 0.5989583333333334 0.07421875 0.22395833333333334
11 0.381103515625 0.5240885416666666 0.07470703125 0.06510416666666667
11 0.217529296875 0.5657552083333334 0.05126953125 0.12239583333333333
12 0.3359375 0.5579427083333334 0.068359375 0.12890625
17 0.311279296875 0.6539713541666666 0.44580078125 0.384765625
