0 0.271240234375 0.61328125 0.03955078125 0.07161458333333333
1 0.28515625 0.5390625 0.0693359375 0.0625
2 0.44287109375 0.6061197916666666 0.0830078125 0.09114583333333333
3 0.300537109375 0.55078125 0.21728515625 0.109375
4 0.313232421875 0.7301432291666666 0.08544921875 0.087890625
10 0.16015625 0.5377604166666666 0.080078125 0.19140625
11 0.234619140625 0.5305989583333334 0.06396484375 0.09244791666666667
11 0.431640625 0.5589192708333334 0.0615234375 0.064453125
12 0.351806640625 0.5703125 0.13134765625 0.10286458333333333
17 0.30029296875 0.6422526041666666 0.4287109375 0.4407552083333333
