0 0.262451171875 0.5944010416666666 0.05224609375 0.06380208333333333
1 0.340087890625 0.533203125 0.02685546875 0.09375
2 0.399169921875 0.6663411458333334 0.11767578125 0.115234375
3 0.348876953125 0.5589192708333334 0.24658203125 0.07356770833333333
4 0.1904296875 0.708984375 0.072265625 0.09505208333333333
10 0.192138671875 0.4977213541666667 0.06396484375 0.18684895833333334
11 0.285888671875 0.5166015625 0.05712890625 0.103515625
11 0.445068359375 0.6129557291666666 0.05126953125 0.08268229166666667
12 0.33984375 0.5944010416666666 0.1640625 0.07682291666666667
17 0.31005859375 0.6565755208333334 0.482421875 0.4446614583333333
