0 0.2705078125 0.5823567708333334 0.08203125 0.029296875
1 0.4013671875 0.5550130208333334 0.0771484375 0.07486979166666667
2 0.29345703125 0.7024739583333334 0.109375 0.09895833333333333
3 0.3896484375 0.5901692708333334 0.2197265625 0.14388020833333334
4 0.12939453125 0.6321614583333334 0.0927734375 0.06770833333333333
10 0.269775390625 0.4664713541666667 0.05517578125 0.173828125
11 0.390625 0.6800130208333334 0.1044921875 0.10481770833333333
11 0.351318359375 0.5208333333333334 0.06591796875 0.11588541666666667
12 0.322265625 0.6051432291666666 0.1259765625 0.10091145833333333
17 0.298095703125 0.6380208333333334 0.46142578125 0.4283854166666667
