0 0.30615234375 0.5703125 0.1083984375 0.033854166666666664
1 0.421630859375 0.6018880208333334 0.15478515625 0.043619791666666664
2 0.18994140625 0.6848958333333334 0.111328125 0.12369791666666667
3 0.342529296875 0.6315104166666666 0.16162109375 0.21744791666666666
4 0.1591796875 0.5595703125 0.0625 0.035807291666666664
10 0.33447265625 0.4593098958333333 0.048828125 0.15299479166666666
11 0.3818359375 0.5384114583333334 0.041015625 0.10807291666666667
11 0.288330078125 0.7106119791666666 0.10595703125 0.09440104166666667
12 0.291748046875 0.6171875 0.07958984375 0.13671875
17 0.298828125 0.6022135416666666 0.46484375 0.3932291666666667
