0 0.330322265625 0.57421875 0.08544921875 0.07291666666666667
1 0.40380859375 0.6529947916666666 0.18359375 0.05859375
2 0.15087890625 0.6083984375 0.09375 0.09440104166666667
3 0.31640625 0.6500651041666666 0.16015625 0.2610677083333333
4 0.232666015625 0.5100911458333334 0.03759765625 0.034505208333333336
10 0.404296875 0.4680989583333333 0.0576171875 0.12239583333333333
11 0.39990234375 0.5764973958333334 0.0703125 0.119140625
11 0.181396484375 0.6731770833333334 0.11376953125 0.11588541666666667
12 0.26318359375 0.6136067708333334 0.1220703125 0.130859375
17 0.30810546875 0.6253255208333334 0.4736328125 0.3782552083333333
