0 0.371826171875 0.5904947916666666 0.07177734375 0.08333333333333333
1 0.303466796875 0.7018229166666666 0.06005859375 0.16927083333333334
2 0.1943359375 0.53125 0.0732421875 0.06770833333333333
3 0.265625 0.5979817708333334 0.3125 0.19075520833333334
4 0.350341796875 0.5091145833333334 0.04345703125 0.048177083333333336
10 0.435791015625 0.5481770833333334 0.06298828125 0.18619791666666666
11 0.156494140625 0.5885416666666666 0.06689453125 0.08203125
11 0.36669921875 0.6214192708333334 0.07421875 0.119140625
12 0.260986328125 0.5807291666666666 0.16455078125 0.08723958333333333
17 0.298828125 0.6370442708333334 0.4501953125 0.404296875
