0 0.544921875 0.6263020833333334 0.060546875 0.1015625
0 0.399658203125 0.6735026041666666 0.07666015625 0.10481770833333333
1 0.3525390625 0.6188151041666666 0.109375 0.054036458333333336
2 0.43994140625 0.5751953125 0.09765625 0.09049479166666667
3 0.44091796875 0.58203125 0.1337890625 0.20052083333333334
1 0.56884765625 0.6526692708333334 0.0771484375 0.13736979166666666
10 0.371826171875 0.4853515625 0.04443359375 0.185546875
11 0.437255859375 0.638671875 0.04833984375 0.06510416666666667
11 0.4794921875 0.5074869791666666 0.0703125 0.064453125
12 0.495849609375 0.5592447916666666 0.10302734375 0.11328125
17 0.506103515625 0.5970052083333334 0.37255859375 0.3880208333333333
