0 0.36279296875 0.6223958333333334 0.0400390625 0.09765625
1 0.39404296875 0.5634765625 0.17578125 0.034505208333333336
2 0.41943359375 0.5520833333333334 0.08203125 0.08463541666666667
3 0.484375 0.5706380208333334 0.119140625 0.18033854166666666
1 0.517333984375 0.66015625 0.08349609375 0.12630208333333334
10 0.41552734375 0.4573567708333333 0.0556640625 0.162109375
11 0.535888671875 0.5205078125 0.06787109375 0.06575520833333333
11 0.415771484375 0.6061197916666666 0.03857421875 0.0546875
12 0.5166015625 0.5611979166666666 0.0458984375 0.09635416666666667
17 0.512939453125 0.6103515625 0.38330078125 0.427734375
