0 0.3662109375 0.5690104166666666 0.0615234375 0.0703125
1 0.43603515625 0.5406901041666666 0.134765625 0.057942708333333336
2 0.42041015625 0.5205078125 0.078125 0.07877604166666667
3 0.4765625 0.5524088541666666 0.1552734375 0.12044270833333333
1 0.44580078125 0.6419270833333334 0.0712890625 0.12630208333333334
10 0.478515625 0.4567057291666667 0.0556640625 0.173828125
11 0.420166015625 0.5696614583333334 0.04931640625 0.057291666666666664
11 0.595947265625 0.5517578125 0.05810546875 0.07096354166666667
12 0.535888671875 0.5654296875 0.07958984375 0.099609375
17 0.51220703125 0.5921223958333334 0.373046875 0.4186197916666667
