0 0.46533203125 0.6220703125 0.0927734375 0.068359375
0 0.412109375 0.5266927083333334 0.0625 0.02734375
1 0.505126953125 0.5413411458333334 0.03173828125 0.051432291666666664
2 0.45849609375 0.5009765625 0.0693359375 0.07747395833333333
3 0.527099609375 0.5615234375 0.21240234375 0.060546875
1 0.40234375 0.59375 0.0693359375 0.11197916666666667
10 0.558349609375 0.4710286458333333 0.06884765625 0.16861979166666666
11 0.631591796875 0.6051432291666666 0.06103515625 0.09309895833333333
11 0.45361328125 0.5403645833333334 0.0400390625 0.044270833333333336
12 0.545166015625 0.5901692708333334 0.13134765625 0.06315104166666667
17 0.515380859375 0.5966796875 0.37158203125 0.404296875
