0 0.451416015625 0.5748697916666666 0.05029296875 0.0703125
0 0.57421875 0.5530598958333334 0.033203125 0.022786458333333332
1 0.591796875 0.5774739583333334 0.0712890625 0.05078125
2 0.5361328125 0.5110677083333334 0.0673828125 0.07942708333333333
3 0.577880859375 0.611328125 0.19775390625 0.18229166666666666
1 0.43359375 0.529296875 0.0517578125 0.09114583333333333
10 0.6513671875 0.55078125 0.0634765625 0.19401041666666666
11 0.567138671875 0.6985677083333334 0.09521484375 0.08463541666666667
11 0.536865234375 0.556640625 0.04638671875 0.04296875
12 0.510498046875 0.6162109375 0.12744140625 0.12565104166666666
17 0.499267578125 0.6194661458333334 0.37548828125 0.388671875
