0 0.6083984375 0.5709635416666666 0.0322265625 0.033854166666666664
0 0.47021484375 0.5686848958333334 0.080078125 0.051432291666666664
1 0.60888671875 0.6136067708333334 0.1396484375 0.033203125
2 0.572265625 0.5231119791666666 0.0693359375 0.091796875
3 0.548583984375 0.62890625 0.14697265625 0.21484375
1 0.46728515625 0.5091145833333334 0.0556640625 0.08854166666666667
10 0.640380859375 0.5810546875 0.07470703125 0.19856770833333334
11 0.5634765625 0.5797526041666666 0.0576171875 0.052734375
11 0.498046875 0.6953125 0.0908203125 0.09244791666666667
12 0.501953125 0.619140625 0.078125 0.13020833333333334
17 0.520263671875 0.6311848958333334 0.36767578125 0.4055989583333333
