0 0.4921875 0.5657552083333334 0.1064453125 0.032552083333333336
1 0.604248046875 0.6536458333333334 0.17919921875 0.06510416666666667
2 0.58349609375 0.5543619791666666 0.0634765625 0.083984375
3 0.5048828125 0.6373697916666666 0.1162109375 0.24869791666666666
1 0.51171875 0.5179036458333334 0.0498046875 0.091796875
10 0.6123046875 0.6334635416666666 0.083984375 0.23046875
11 0.576904296875 0.607421875 0.02880859375 0.041666666666666664
11 0.423828125 0.6715494791666666 0.087890625 0.107421875
12 0.476806640625 0.6022135416666666 0.07958984375 0.12369791666666667
17 0.50732421875 0.623046875 0.3876953125 0.3841145833333333
