0 0.6279296875 0.6640625 0.0634765625 0.06770833333333333
1 0.586181640625 0.7037760416666666 0.10107421875 0.10026041666666667
2 0.58642578125 0.5852864583333334 0.0888671875 0.09505208333333333
3 0.48095703125 0.6201171875 0.20703125 0.212890625
1 0.558349609375 0.5328776041666666 0.05810546875 0.06966145833333333
10 0.51123046875 0.638671875 0.07421875 0.22786458333333334
11 0.580078125 0.6432291666666666 0.05078125 0.052083333333333336
11 0.370361328125 0.6136067708333334 0.06591796875 0.08528645833333333
12 0.46044921875 0.5836588541666666 0.1181640625 0.08138020833333333
17 0.52294921875 0.625 0.419921875 0.4088541666666667
