0 0.595947265625 0.6975911458333334 0.11865234375 0.055338541666666664
1 0.513671875 0.7037760416666666 0.0810546875 0.17317708333333334
2 0.559326171875 0.6005859375 0.08154296875 0.09440104166666667
3 0.44287109375 0.5904947916666666 0.228515625 0.16796875
1 0.59716796875 0.5615234375 0.0615234375 0.08528645833333333
10 0.43701171875 0.611328125 0.068359375 0.21875
11 0.555419921875 0.6656901041666666 0.04833984375 0.044921875
11 0.36962890625 0.5703125 0.0546875 0.06380208333333333
12 0.4599609375 0.576171875 0.1455078125 0.06640625
17 0.490234375 0.6341145833333334 0.369140625 0.375
