0 0.54736328125 0.7138671875 0.1279296875 0.052734375
0 0.551025390625 0.5944010416666666 0.07666015625 0.10677083333333333
1 0.4599609375 0.6858723958333334 0.0283203125 0.16731770833333334
2 0.529052734375 0.6051432291666666 0.09716796875 0.095703125
3 0.4619140625 0.5888671875 0.259765625 0.19205729166666666
1 0.603271484375 0.5875651041666666 0.06494140625 0.10091145833333333
10 0.394287109375 0.5810546875 0.07470703125 0.21549479166666666
11 0.52490234375 0.6692708333333334 0.0595703125 0.05078125
12 0.46484375 0.5598958333333334 0.1376953125 0.06901041666666667
17 0.519775390625 0.6448567708333334 0.44384765625 0.3977864583333333
