0 0.548583984375 0.6119791666666666 0.03955078125 0.11588541666666667
0 0.486572265625 0.7112630208333334 0.12451171875 0.08138020833333333
1 0.403564453125 0.6796875 0.10595703125 0.11848958333333333
2 0.491943359375 0.6012369791666666 0.08056640625 0.08528645833333333
3 0.463134765625 0.6110026041666666 0.18408203125 0.19596354166666666
1 0.605224609375 0.6220703125 0.06689453125 0.10872395833333333
7 0.50732421875 0.5319010416666666 0.138671875 0.08203125
10 0.359619140625 0.5325520833333334 0.06298828125 0.20052083333333334
10 0.419921875 0.6005859375 0.0712890625 0.06705729166666667
11 0.485107421875 0.6666666666666666 0.06689453125 0.07161458333333333
17 0.515625 0.6256510416666666 0.38671875 0.3984375
