0 0.546630859375 0.6246744791666666 0.05224609375 0.11002604166666667
0 0.40869140625 0.6803385416666666 0.0888671875 0.10026041666666667
1 0.36376953125 0.6334635416666666 0.1123046875 0.03515625
2 0.447021484375 0.5849609375 0.08544921875 0.09830729166666667
3 0.476318359375 0.607421875 0.14013671875 0.20703125
1 0.575927734375 0.650390625 0.07373046875 0.11458333333333333
7 0.543701171875 0.5426432291666666 0.11572265625 0.09830729166666667
10 0.369140625 0.4912109375 0.0615234375 0.17513020833333334
10 0.403564453125 0.5755208333333334 0.05615234375 0.049479166666666664
11 0.441650390625 0.6487630208333334 0.04833984375 0.068359375
17 0.523681640625 0.6142578125 0.41162109375 0.408203125
