0 0.521484375 0.6318359375 0.1181640625 0.080078125
0 0.365478515625 0.6328125 0.03857421875 0.11067708333333333
1 0.3876953125 0.5755208333333334 0.173828125 0.032552083333333336
2 0.422119140625 0.5582682291666666 0.08251953125 0.08658854166666667
3 0.4853515625 0.59375 0.1376953125 0.18489583333333334
1 0.521728515625 0.6533203125 0.07958984375 0.119140625
7 0.57470703125 0.572265625 0.0966796875 0.11067708333333333
10 0.40576171875 0.4619140625 0.0576171875 0.16471354166666666
10 0.462158203125 0.5504557291666666 0.03173828125 0.043619791666666664
11 0.4150390625 0.6158854166666666 0.0419921875 0.059895833333333336
17 0.515380859375 0.6324869791666666 0.37646484375 0.447265625
