0 0.52490234375 0.6321614583333334 0.080078125 0.036458333333333336
0 0.3623046875 0.5768229166666666 0.0576171875 0.07682291666666667
1 0.42138671875 0.5472005208333334 0.12109375 0.068359375
2 0.417724609375 0.5286458333333334 0.08154296875 0.08723958333333333
3 0.466552734375 0.5732421875 0.18603515625 0.14908854166666666
1 0.460205078125 0.646484375 0.07861328125 0.11848958333333333
7 0.587158203125 0.5944010416666666 0.05810546875 0.12890625
10 0.462890625 0.451171875 0.052734375 0.17317708333333334
10 0.472412109375 0.5406901041666666 0.05419921875 0.06705729166666667
11 0.41845703125 0.5794270833333334 0.0517578125 0.046875
17 0.51171875 0.6217447916666666 0.3818359375 0.4322916666666667
