0 0.38525390625 0.5462239583333334 0.0712890625 0.037760416666666664
0 0.485595703125 0.6321614583333334 0.09423828125 0.044270833333333336
1 0.48193359375 0.564453125 0.0361328125 0.053385416666666664
2 0.436279296875 0.5022786458333334 0.07763671875 0.08528645833333333
3 0.49267578125 0.5836588541666666 0.216796875 0.10611979166666667
1 0.418701171875 0.6162109375 0.07568359375 0.10221354166666667
7 0.578857421875 0.626953125 0.10009765625 0.13151041666666666
10 0.515625 0.4606119791666667 0.0478515625 0.158203125
10 0.499267578125 0.5390625 0.04150390625 0.059895833333333336
11 0.435791015625 0.5533854166666666 0.04736328125 0.0390625
17 0.526611328125 0.6064453125 0.40087890625 0.443359375
