0 0.4248046875 0.5247395833333334 0.0537109375 0.018229166666666668
0 0.457275390625 0.6123046875 0.06298828125 0.055338541666666664
1 0.507080078125 0.5348307291666666 0.01513671875 0.07096354166666667
2 0.474609375 0.4990234375 0.072265625 0.08528645833333333
3 0.523193359375 0.5830078125 0.21337890625 0.115234375
1 0.398193359375 0.5725911458333334 0.07275390625 0.099609375
7 0.541748046875 0.6419270833333334 0.13720703125 0.11848958333333333
10 0.58203125 0.4781901041666667 0.05859375 0.15690104166666666
10 0.534912109375 0.5452473958333334 0.04931640625 0.060546875
11 0.466552734375 0.546875 0.04638671875 0.052083333333333336
17 0.519775390625 0.6214192708333334 0.38818359375 0.435546875
