0 0.51123046875 0.5224609375 0.087890625 0.041015625
0 0.44677734375 0.5777994791666666 0.0244140625 0.057942708333333336
1 0.553955078125 0.5540364583333334 0.07861328125 0.06770833333333333
2 0.5146484375 0.5022786458333334 0.0712890625 0.08268229166666667
3 0.542724609375 0.5908203125 0.19677734375 0.16861979166666666
1 0.413330078125 0.5393880208333334 0.05615234375 0.095703125
7 0.4873046875 0.646484375 0.16796875 0.10286458333333333
10 0.63232421875 0.5224609375 0.0498046875 0.197265625
10 0.572998046875 0.568359375 0.08251953125 0.049479166666666664
11 0.51123046875 0.5517578125 0.048828125 0.054036458333333336
17 0.524169921875 0.61328125 0.38232421875 0.3958333333333333
