0 0.636474609375 0.626953125 0.03466796875 0.078125
0 0.49951171875 0.5634765625 0.11328125 0.039713541666666664
1 0.634765625 0.6839192708333334 0.08984375 0.061848958333333336
2 0.59130859375 0.5618489583333334 0.07421875 0.08723958333333333
3 0.51220703125 0.6363932291666666 0.1611328125 0.158203125
1 0.536376953125 0.5240885416666666 0.05810546875 0.08203125
7 0.417724609375 0.5680338541666666 0.06787109375 0.12434895833333333
10 0.577880859375 0.6487630208333334 0.08642578125 0.21809895833333334
10 0.529541015625 0.623046875 0.05322265625 0.07161458333333333
17 0.514404296875 0.6617838541666666 0.39208984375 0.3717447916666667
