0 0.626953125 0.6588541666666666 0.0615234375 0.06770833333333333
0 0.51318359375 0.5631510416666666 0.087890625 0.0625
1 0.579833984375 0.6985677083333334 0.09814453125 0.1171875
2 0.585693359375 0.5826822916666666 0.08447265625 0.09375
3 0.4580078125 0.6168619791666666 0.1748046875 0.14388020833333334
1 0.564697265625 0.5358072916666666 0.05712890625 0.078125
7 0.425537109375 0.5530598958333334 0.10400390625 0.10481770833333333
10 0.510498046875 0.6360677083333334 0.07666015625 0.22786458333333334
11 0.576416015625 0.6422526041666666 0.05712890625 0.052734375
17 0.5205078125 0.6546223958333334 0.396484375 0.3665364583333333
