0 0.58984375 0.7021484375 0.111328125 0.046223958333333336
0 0.514892578125 0.560546875 0.04638671875 0.053385416666666664
1 0.515625 0.6998697916666666 0.048828125 0.16666666666666666
2 0.559814453125 0.6025390625 0.08056640625 0.091796875
3 0.48779296875 0.62109375 0.2646484375 0.10026041666666667
1 0.597900390625 0.5628255208333334 0.05517578125 0.091796875
7 0.460205078125 0.5319010416666666 0.14111328125 0.07161458333333333
10 0.420654296875 0.6005859375 0.07177734375 0.23111979166666666
10 0.470458984375 0.6490885416666666 0.04931640625 0.12890625
11 0.5537109375 0.6608072916666666 0.046875 0.045572916666666664
17 0.506103515625 0.6608072916666666 0.37646484375 0.3606770833333333
