0 0.567626953125 0.5514322916666666 0.07958984375 0.03125
1 0.547119140625 0.6334635416666666 0.04541015625 0.06380208333333333
2 0.49462890625 0.5628255208333334 0.087890625 0.10091145833333333
0 0.567626953125 0.5445963541666666 0.09033203125 0.026692708333333332
3 0.64697265625 0.6012369791666666 0.1787109375 0.12174479166666667
3 0.6953125 0.6559244791666666 0.1865234375 0.09440104166666667
7 0.635498046875 0.5445963541666666 0.11767578125 0.111328125
10 0.610107421875 0.6044921875 0.14599609375 0.095703125
11 0.49853515625 0.5302734375 0.064453125 0.09309895833333333
17 0.618408203125 0.6429036458333334 0.39794921875 0.3860677083333333
