0 0.596923828125 0.5543619791666666 0.09716796875 0.034505208333333336
1 0.52587890625 0.6145833333333334 0.048828125 0.040364583333333336
2 0.5107421875 0.5419921875 0.080078125 0.076171875
0 0.59814453125 0.5576171875 0.09375 0.042317708333333336
3 0.656982421875 0.6057942708333334 0.25244140625 0.11653645833333333
3 0.657470703125 0.6728515625 0.19970703125 0.15950520833333334
7 0.676025390625 0.5680338541666666 0.08447265625 0.13346354166666666
10 0.599365234375 0.6022135416666666 0.12451171875 0.1171875
11 0.51611328125 0.505859375 0.0556640625 0.07161458333333333
17 0.6259765625 0.6536458333333334 0.3984375 0.36328125
