0 0.68408203125 0.6067708333333334 0.04296875 0.05859375
2 0.552001953125 0.6103515625 0.06298828125 0.083984375
3 0.671630859375 0.5999348958333334 0.11279296875 0.138671875
4 0.614013671875 0.5244140625 0.04345703125 0.039713541666666664
2 0.557373046875 0.5686848958333334 0.09423828125 0.033203125
7 0.576171875 0.5465494791666666 0.1328125 0.134765625
12 0.59716796875 0.6207682291666666 0.07421875 0.22721354166666666
13 0.487548828125 0.5625 0.05224609375 0.08854166666666667
14 0.71337890625 0.6682942708333334 0.076171875 0.09440104166666667
17 0.623779296875 0.6588541666666666 0.42333984375 0.3658854166666667
