0 0.701416015625 0.6409505208333334 0.08642578125 0.033203125
2 0.567626953125 0.6025390625 0.05126953125 0.07747395833333333
3 0.70458984375 0.6272786458333334 0.12890625 0.162109375
4 0.660888671875 0.5478515625 0.03662109375 0.046223958333333336
2 0.577392578125 0.5598958333333334 0.06005859375 0.05078125
7 0.614990234375 0.5530598958333334 0.08447265625 0.12825520833333334
12 0.529541015625 0.5836588541666666 0.05810546875 0.21809895833333334
13 0.5087890625 0.5296223958333334 0.0361328125 0.064453125
14 0.649658203125 0.6868489583333334 0.07080078125 0.09765625
17 0.61181640625 0.6549479166666666 0.439453125 0.3645833333333333
