0 0.688232421875 0.6692708333333334 0.11376953125 0.040364583333333336
2 0.55322265625 0.5826822916666666 0.0693359375 0.07291666666666667
3 0.681640625 0.64453125 0.1728515625 0.171875
4 0.699951171875 0.5895182291666666 0.06005859375 0.06705729166666667
2 0.55615234375 0.5338541666666666 0.080078125 0.08203125
7 0.6416015625 0.5651041666666666 0.0517578125 0.12890625
12 0.487548828125 0.5361328125 0.07080078125 0.19986979166666666
13 0.55126953125 0.5231119791666666 0.0458984375 0.06315104166666667
14 0.58056640625 0.6790364583333334 0.06640625 0.11197916666666667
17 0.61767578125 0.638671875 0.4267578125 0.3815104166666667
