0 0.650146484375 0.6923828125 0.12646484375 0.07877604166666667
2 0.567138671875 0.5667317708333334 0.07861328125 0.07747395833333333
3 0.642822265625 0.6803385416666666 0.20654296875 0.171875
4 0.71435546875 0.6236979166666666 0.064453125 0.057291666666666664
2 0.5615234375 0.5250651041666666 0.037109375 0.08138020833333333
7 0.663818359375 0.5859375 0.09521484375 0.10546875
12 0.4853515625 0.5107421875 0.056640625 0.19986979166666666
13 0.596435546875 0.5224609375 0.04736328125 0.068359375
14 0.510498046875 0.6370442708333334 0.07373046875 0.10091145833333333
17 0.6181640625 0.6360677083333334 0.4130859375 0.421875
