0 0.58056640625 0.6891276041666666 0.0693359375 0.10091145833333333
2 0.587890625 0.5641276041666666 0.0673828125 0.07747395833333333
3 0.623046875 0.6800130208333334 0.2822265625 0.185546875
4 0.702880859375 0.6591796875 0.06884765625 0.056640625
2 0.597412109375 0.521484375 0.04833984375 0.061197916666666664
7 0.671142578125 0.6090494791666666 0.14990234375 0.080078125
12 0.50927734375 0.4739583333333333 0.05859375 0.17708333333333334
13 0.650146484375 0.5478515625 0.05419921875 0.072265625
14 0.475830078125 0.5908203125 0.06396484375 0.09440104166666667
17 0.625244140625 0.6162109375 0.41064453125 0.423828125
