0 0.531005859375 0.6673177083333334 0.03369140625 0.09895833333333333
2 0.609130859375 0.5699869791666666 0.07861328125 0.072265625
3 0.603515625 0.654296875 0.2568359375 0.18619791666666666
4 0.658935546875 0.6813151041666666 0.07177734375 0.068359375
2 0.6162109375 0.5208333333333334 0.078125 0.053385416666666664
7 0.6591796875 0.6243489583333334 0.1767578125 0.109375
12 0.55224609375 0.4840494791666667 0.056640625 0.21419270833333334
13 0.6884765625 0.5690104166666666 0.0478515625 0.07161458333333333
14 0.47265625 0.546875 0.0615234375 0.08072916666666667
17 0.628173828125 0.6315104166666666 0.41845703125 0.4817708333333333
