0 0.4912109375 0.6028645833333334 0.072265625 0.059895833333333336
2 0.634765625 0.58984375 0.0771484375 0.07942708333333333
3 0.509765625 0.634765625 0.169921875 0.19401041666666666
4 0.568115234375 0.6751302083333334 0.05126953125 0.06640625
2 0.650390625 0.5501302083333334 0.10546875 0.048177083333333336
7 0.62548828125 0.6490885416666666 0.1416015625 0.14713541666666666
12 0.625244140625 0.4596354166666667 0.05322265625 0.15494791666666666
13 0.712646484375 0.6246744791666666 0.05810546875 0.091796875
14 0.5205078125 0.51171875 0.0634765625 0.0859375
17 0.619140625 0.6272786458333334 0.4287109375 0.4420572916666667
