0 0.501708984375 0.5602213541666666 0.09228515625 0.027994791666666668
2 0.646728515625 0.6077473958333334 0.08056640625 0.08268229166666667
3 0.5009765625 0.6057942708333334 0.1484375 0.17643229166666666
4 0.507080078125 0.63671875 0.05517578125 0.06510416666666667
2 0.66943359375 0.5690104166666666 0.0908203125 0.059895833333333336
7 0.58642578125 0.6438802083333334 0.0849609375 0.15234375
12 0.684814453125 0.4807942708333333 0.06396484375 0.14778645833333334
13 0.69677734375 0.6656901041666666 0.068359375 0.09309895833333333
14 0.575439453125 0.5055338541666666 0.04833984375 0.08138020833333333
17 0.62255859375 0.6240234375 0.421875 0.4342447916666667
