0 0.546875 0.5432942708333334 0.0888671875 0.031901041666666664
2 0.646240234375 0.6240234375 0.08349609375 0.091796875
3 0.53271484375 0.5634765625 0.2041015625 0.111328125
4 0.482666015625 0.5826822916666666 0.05810546875 0.0546875
2 0.654296875 0.5895182291666666 0.072265625 0.09049479166666667
7 0.533203125 0.6165364583333334 0.0869140625 0.1328125
12 0.7265625 0.5426432291666666 0.05078125 0.189453125
13 0.6396484375 0.6829427083333334 0.05859375 0.09375
14 0.6396484375 0.5227864583333334 0.052734375 0.07421875
17 0.628662109375 0.6344401041666666 0.44873046875 0.4069010416666667
