0 0.58935546875 0.5452473958333334 0.0625 0.052734375
2 0.621826171875 0.6321614583333334 0.09033203125 0.08463541666666667
3 0.5595703125 0.5445963541666666 0.2216796875 0.09440104166666667
4 0.49560546875 0.5358072916666666 0.0498046875 0.041666666666666664
2 0.63330078125 0.599609375 0.0439453125 0.09375
7 0.5224609375 0.5895182291666666 0.138671875 0.10611979166666667
12 0.734619140625 0.5768229166666666 0.07763671875 0.21614583333333334
13 0.56298828125 0.6604817708333334 0.0615234375 0.099609375
14 0.698486328125 0.556640625 0.05615234375 0.0703125
17 0.623291015625 0.6442057291666666 0.42919921875 0.416015625
