0 0.67626953125 0.595703125 0.029296875 0.05859375
2 0.559814453125 0.6197916666666666 0.08642578125 0.07942708333333333
3 0.66259765625 0.5950520833333334 0.126953125 0.14192708333333334
4 0.593017578125 0.5133463541666666 0.05419921875 0.047526041666666664
2 0.561767578125 0.572265625 0.11474609375 0.046875
7 0.554931640625 0.5377604166666666 0.11767578125 0.10026041666666667
12 0.623779296875 0.6263020833333334 0.07373046875 0.23958333333333334
13 0.490478515625 0.583984375 0.06201171875 0.0859375
14 0.734619140625 0.6559244791666666 0.07568359375 0.111328125
17 0.620849609375 0.66015625 0.43017578125 0.3697916666666667
