0 0.69873046875 0.626953125 0.0703125 0.032552083333333336
2 0.555908203125 0.6002604166666666 0.08349609375 0.07421875
3 0.68994140625 0.6119791666666666 0.140625 0.15364583333333334
4 0.651611328125 0.5439453125 0.04248046875 0.048828125
2 0.550048828125 0.5563151041666666 0.12158203125 0.055338541666666664
7 0.609619140625 0.5553385416666666 0.10302734375 0.14583333333333334
12 0.552490234375 0.5930989583333334 0.06591796875 0.22916666666666666
13 0.50048828125 0.5416666666666666 0.0458984375 0.07161458333333333
14 0.684814453125 0.6878255208333334 0.07080078125 0.10091145833333333
17 0.614501953125 0.65625 0.43115234375 0.3736979166666667
