0 0.694580078125 0.6666666666666666 0.09814453125 0.053385416666666664
2 0.555419921875 0.5856119791666666 0.08349609375 0.076171875
3 0.68603515625 0.6471354166666666 0.1640625 0.15104166666666666
4 0.703125 0.5764973958333334 0.05859375 0.052734375
2 0.55712890625 0.5377604166666666 0.0791015625 0.06380208333333333
7 0.6357421875 0.5598958333333334 0.0712890625 0.12109375
12 0.492431640625 0.5660807291666666 0.07080078125 0.236328125
13 0.5361328125 0.5192057291666666 0.04296875 0.06705729166666667
14 0.593994140625 0.6832682291666666 0.06201171875 0.10091145833333333
17 0.614990234375 0.6438802083333334 0.43310546875 0.4049479166666667
