0 0.49169921875 0.6057942708333334 0.0751953125 0.06705729166666667
2 0.636962890625 0.5846354166666666 0.07666015625 0.07682291666666667
3 0.517822265625 0.6442057291666666 0.17333984375 0.201171875
4 0.57275390625 0.6790364583333334 0.04296875 0.06510416666666667
2 0.648193359375 0.5432942708333334 0.11767578125 0.037109375
7 0.628173828125 0.6539713541666666 0.15966796875 0.17903645833333334
12 0.622802734375 0.4615885416666667 0.05322265625 0.14713541666666666
13 0.71728515625 0.6184895833333334 0.064453125 0.08072916666666667
14 0.516357421875 0.5149739583333334 0.05615234375 0.07161458333333333
17 0.6171875 0.6123046875 0.4296875 0.435546875
