0 0.49609375 0.572265625 0.0966796875 0.029947916666666668
2 0.645751953125 0.6048177083333334 0.08837890625 0.09114583333333333
3 0.501220703125 0.607421875 0.13427734375 0.19401041666666666
4 0.51025390625 0.6383463541666666 0.0576171875 0.06315104166666667
2 0.657958984375 0.568359375 0.10986328125 0.05078125
7 0.57666015625 0.6350911458333334 0.111328125 0.169921875
12 0.673095703125 0.4856770833333333 0.05908203125 0.17057291666666666
13 0.704345703125 0.65625 0.06689453125 0.08203125
14 0.565185546875 0.5029296875 0.06591796875 0.057942708333333336
14 0.5693359375 0.5325520833333334 0.0 0.006510416666666667
17 0.62060546875 0.623046875 0.4599609375 0.4244791666666667
