10 0.125244140625 0.615234375 0.06689453125 0.16666666666666666
11 0.33984375 0.4762369791666667 0.068359375 0.087890625
6 0.835693359375 0.7093098958333334 0.08740234375 0.041015625
12 0.642578125 0.3131510416666667 0.0673828125 0.2630208333333333
10 0.905517578125 0.732421875 0.06494140625 0.061197916666666664
12 0.2314453125 0.9384765625 0.0791015625 0.123046875
13 0.881103515625 0.8014322916666666 0.05615234375 0.09375
8 0.51953125 0.4798177083333333 0.1904296875 0.19661458333333334
1 0.66259765625 0.4798177083333333 0.1171875 0.13411458333333334
14 0.4072265625 0.3444010416666667 0.0771484375 0.10286458333333333
13 0.35400390625 0.376953125 0.0546875 0.08463541666666667
0 0.29736328125 0.4088541666666667 0.06640625 0.057291666666666664
10 0.396484375 0.4231770833333333 0.0712890625 0.078125
10 0.44873046875 0.4147135416666667 0.0625 0.06380208333333333
5 0.48046875 0.33203125 0.0556640625 0.109375
0 0.466796875 0.2747395833333333 0.0908203125 0.052083333333333336
10 0.54345703125 0.2760416666666667 0.083984375 0.2630208333333333
10 0.599609375 0.3313802083333333 0.0458984375 0.10026041666666667
9 0.689453125 0.36328125 0.0498046875 0.10677083333333333
10 0.9326171875 0.82421875 0.1201171875 0.2265625
8 0.2001953125 0.7526041666666666 0.2099609375 0.11979166666666667
12 0.32568359375 0.693359375 0.0546875 0.17838541666666666
15 0.25 0.6634114583333334 0.0888671875 0.053385416666666664
4 0.21630859375 0.5345052083333334 0.044921875 0.05078125
11 0.34033203125 0.482421875 0.076171875 0.08984375
17 0.509765625 0.4192708333333333 0.5048828125 0.3776041666666667
7 0.0556640625 0.7610677083333334 0.0986328125 0.23307291666666666
7 0.09130859375 0.744140625 0.060546875 0.13671875
