7 0.472900390625 0.5374348958333334 0.04052734375 0.13606770833333334
10 0.359130859375 0.5849609375 0.03564453125 0.138671875
9 0.542724609375 0.7096354166666666 0.04150390625 0.08984375
4 0.55859375 0.6354166666666666 0.046875 0.04296875
17 0.447265625 0.6904296875 0.4130859375 0.4173177083333333
10 0.53369140625 0.5680338541666666 0.02734375 0.091796875
6 0.579345703125 0.666015625 0.08935546875 0.024739583333333332
13 0.505126953125 0.642578125 0.04052734375 0.057291666666666664
5 0.486328125 0.6038411458333334 0.0390625 0.08138020833333333
2 0.409912109375 0.5651041666666666 0.06005859375 0.057291666666666664
2 0.410400390625 0.607421875 0.06298828125 0.032552083333333336
5 0.36083984375 0.7005208333333334 0.0537109375 0.1015625
12 0.317626953125 0.927734375 0.03271484375 0.1328125
2 0.43701171875 0.7317708333333334 0.0859375 0.08723958333333333
6 0.41552734375 0.7242838541666666 0.0830078125 0.027994791666666668
14 0.4287109375 0.6748046875 0.044921875 0.055338541666666664
16 0.418701171875 0.6363932291666666 0.03271484375 0.034505208333333336
