0 0.51806640625 0.5162760416666666 0.087890625 0.19010416666666666
3 0.605224609375 0.4420572916666667 0.30126953125 0.18098958333333334
6 0.445556640625 0.39453125 0.08740234375 0.078125
9 0.4443359375 0.466796875 0.06640625 0.16276041666666666
10 0.4345703125 0.4541015625 0.1318359375 0.091796875
10 0.572021484375 0.4130859375 0.05322265625 0.08268229166666667
10 0.47900390625 0.3525390625 0.0498046875 0.09440104166666667
12 0.5224609375 0.3333333333333333 0.0576171875 0.21484375
14 0.539306640625 0.4788411458333333 0.09033203125 0.10611979166666667
17 0.477783203125 0.4254557291666667 0.57861328125 0.4772135416666667
