0 0.382080078125 0.234375 0.06298828125 0.07291666666666667
0 0.5361328125 0.4075520833333333 0.1142578125 0.04296875
1 0.668212890625 0.5572916666666666 0.22412109375 0.13411458333333334
2 0.428955078125 0.28515625 0.10302734375 0.08463541666666667
5 0.359130859375 0.3733723958333333 0.12158203125 0.14518229166666666
6 0.445556640625 0.494140625 0.07861328125 0.14713541666666666
7 0.638427734375 0.28125 0.10791015625 0.2760416666666667
9 0.515869140625 0.2718098958333333 0.07373046875 0.08658854166666667
10 0.600341796875 0.3323567708333333 0.16748046875 0.11002604166666667
10 0.46826171875 0.3369140625 0.0615234375 0.095703125
11 0.26220703125 0.4427083333333333 0.0703125 0.12239583333333333
12 0.58935546875 0.4638671875 0.2216796875 0.12565104166666666
13 0.325439453125 0.3304036458333333 0.06689453125 0.09309895833333333
14 0.439697265625 0.24446614583333334 0.07568359375 0.06575520833333333
17 0.439453125 0.4775390625 0.740234375 0.7779947916666666
