0 0.654541015625 0.4026692708333333 0.05029296875 0.11393229166666667
1 0.4912109375 0.2819010416666667 0.0703125 0.036458333333333336
2 0.443603515625 0.3020833333333333 0.08251953125 0.09635416666666667
3 0.618896484375 0.2620442708333333 0.09033203125 0.06966145833333333
6 0.473388671875 0.3968098958333333 0.03369140625 0.119140625
7 0.5859375 0.3304036458333333 0.1884765625 0.099609375
9 0.589111328125 0.4137369791666667 0.06396484375 0.08919270833333333
10 0.51708984375 0.3863932291666667 0.0673828125 0.14778645833333334
10 0.440185546875 0.2705078125 0.09130859375 0.07356770833333333
10 0.50537109375 0.24739583333333334 0.0390625 0.09244791666666667
10 0.572509765625 0.24772135416666666 0.05908203125 0.060546875
11 0.52880859375 0.2776692708333333 0.0224609375 0.035807291666666664
17 0.51416015625 0.3779296875 0.4765625 0.388671875
