10 0.125244140625 0.6158854166666666 0.06884765625 0.16666666666666666
7 0.57275390625 0.3561197916666667 0.080078125 0.2734375
11 0.6005859375 0.5022786458333334 0.0947265625 0.07096354166666667
8 0.18017578125 0.7594401041666666 0.2353515625 0.154296875
8 0.679443359375 0.3834635416666667 0.16845703125 0.125
7 0.051513671875 0.7587890625 0.09716796875 0.21809895833333334
13 0.879150390625 0.8017578125 0.05908203125 0.09049479166666667
16 0.84765625 0.7340494791666666 0.0478515625 0.052734375
4 0.21630859375 0.5377604166666666 0.0361328125 0.03515625
12 0.233154296875 0.9384765625 0.07861328125 0.123046875
5 0.426025390625 0.3427734375 0.06005859375 0.09309895833333333
12 0.57470703125 0.18815104166666666 0.0458984375 0.06640625
14 0.90478515625 0.7301432291666666 0.0654296875 0.060546875
17 0.535888671875 0.4156901041666667 0.54931640625 0.5201822916666666
2 0.433349609375 0.4466145833333333 0.10302734375 0.1171875
9 0.340576171875 0.294921875 0.07177734375 0.16145833333333334
6 0.83935546875 0.7037760416666666 0.091796875 0.03125
9 0.337890625 0.3020833333333333 0.06640625 0.17447916666666666
14 0.905029296875 0.7301432291666666 0.06689453125 0.061848958333333336
14 0.1201171875 0.8623046875 0.0849609375 0.107421875
10 0.509033203125 0.2734375 0.06494140625 0.2708333333333333
0 0.420654296875 0.2975260416666667 0.03271484375 0.07421875
5 0.350341796875 0.4202473958333333 0.08154296875 0.11263020833333333
0 0.306884765625 0.4794921875 0.08447265625 0.087890625
0 0.444580078125 0.5266927083333334 0.15673828125 0.059895833333333336
10 0.9326171875 0.8268229166666666 0.1044921875 0.22135416666666666
12 0.326904296875 0.6953125 0.06103515625 0.17447916666666666
15 0.2451171875 0.658203125 0.0927734375 0.046875
