9 0.56103515625 0.5973307291666666 0.0322265625 0.064453125
2 0.364990234375 0.6305338541666666 0.05029296875 0.072265625
10 0.404052734375 0.6708984375 0.04150390625 0.169921875
17 0.467529296875 0.6953125 0.42041015625 0.40234375
10 0.46044921875 0.5400390625 0.0283203125 0.054036458333333336
5 0.529296875 0.712890625 0.0576171875 0.09505208333333333
7 0.36181640625 0.548828125 0.0400390625 0.09635416666666667
5 0.4326171875 0.6090494791666666 0.037109375 0.08919270833333333
12 0.31787109375 0.9280598958333334 0.0322265625 0.134765625
5 0.4326171875 0.6100260416666666 0.037109375 0.09114583333333333
14 0.50927734375 0.6604817708333334 0.0439453125 0.060546875
10 0.415283203125 0.5227864583333334 0.02001953125 0.049479166666666664
13 0.4736328125 0.6090494791666666 0.0380859375 0.056640625
2 0.360595703125 0.6796875 0.05322265625 0.04296875
6 0.5029296875 0.587890625 0.015625 0.0625
16 0.44140625 0.6751302083333334 0.0390625 0.03515625
2 0.570556640625 0.6663411458333334 0.06396484375 0.07486979166666667
4 0.469970703125 0.7180989583333334 0.02978515625 0.08203125
6 0.580322265625 0.666015625 0.03564453125 0.0234375
