0 0.489501953125 0.3216145833333333 0.14794921875 0.037760416666666664
0 0.57958984375 0.5387369791666666 0.1669921875 0.054036458333333336
0 0.671875 0.4602864583333333 0.0634765625 0.07682291666666667
0 0.67236328125 0.4215494791666667 0.0615234375 0.057942708333333336
1 0.396484375 0.4889322916666667 0.01953125 0.09244791666666667
5 0.4619140625 0.3971354166666667 0.064453125 0.15104166666666666
8 0.581298828125 0.3167317708333333 0.14697265625 0.08528645833333333
9 0.36376953125 0.3326822916666667 0.052734375 0.1015625
10 0.415771484375 0.4117838541666667 0.06298828125 0.10872395833333333
10 0.30078125 0.4010416666666667 0.125 0.09114583333333333
10 0.562255859375 0.390625 0.04443359375 0.078125
10 0.482421875 0.2431640625 0.06640625 0.21940104166666666
11 0.31787109375 0.3154296875 0.052734375 0.10611979166666667
11 0.679443359375 0.38671875 0.04736328125 0.06380208333333333
12 0.425048828125 0.2545572916666667 0.05810546875 0.20833333333333334
13 0.60888671875 0.4241536458333333 0.06640625 0.08658854166666667
14 0.595703125 0.3365885416666667 0.076171875 0.09765625
16 0.3115234375 0.4654947916666667 0.0751953125 0.07161458333333333
17 0.526611328125 0.3919270833333333 0.59130859375 0.5182291666666666
