8 0.573486328125 0.4283854166666667 0.13427734375 0.14713541666666666
7 0.486572265625 0.4036458333333333 0.05029296875 0.08333333333333333
10 0.955322265625 0.6744791666666666 0.06298828125 0.1796875
6 0.79541015625 0.4820963541666667 0.1533203125 0.027994791666666668
10 0.22607421875 0.953125 0.0673828125 0.09244791666666667
10 0.33154296875 0.9049479166666666 0.08203125 0.19010416666666666
6 0.67431640625 0.5345052083333334 0.111328125 0.055989583333333336
2 0.6376953125 0.5475260416666666 0.1142578125 0.10807291666666667
8 0.46484375 0.4993489583333333 0.2001953125 0.13411458333333334
5 0.798828125 0.5559895833333334 0.0849609375 0.12239583333333333
1 0.67626953125 0.4225260416666667 0.142578125 0.07942708333333333
1 0.64599609375 0.4329427083333333 0.021484375 0.13151041666666666
13 0.76513671875 0.4427083333333333 0.0625 0.0625
4 0.80712890625 0.4466145833333333 0.04296875 0.049479166666666664
14 0.51318359375 0.4485677083333333 0.072265625 0.06901041666666667
13 0.67919921875 0.48046875 0.06640625 0.07552083333333333
17 0.60888671875 0.5319010416666666 0.52734375 0.43359375
