1 0.302978515625 0.5120442708333334 0.11083984375 0.12044270833333333
5 0.400146484375 0.4166666666666667 0.07177734375 0.07552083333333333
5 0.56005859375 0.4007161458333333 0.0498046875 0.038411458333333336
7 0.3564453125 0.3209635416666667 0.0634765625 0.17578125
8 0.499267578125 0.3616536458333333 0.13037109375 0.13346354166666666
8 0.478515625 0.4514973958333333 0.1328125 0.20768229166666666
9 0.58203125 0.4873046875 0.0634765625 0.14908854166666666
10 0.294677734375 0.4651692708333333 0.11181640625 0.11263020833333333
10 0.34326171875 0.4274088541666667 0.1171875 0.08919270833333333
10 0.399658203125 0.4820963541666667 0.06884765625 0.07096354166666667
11 0.619140625 0.45703125 0.0263671875 0.06380208333333333
17 0.453857421875 0.455078125 0.51025390625 0.49609375
