1 0.5078125 0.5234375 0.31640625 0.05078125
2 0.43212890625 0.3447265625 0.083984375 0.08268229166666667
4 0.46923828125 0.3248697916666667 0.01953125 0.07942708333333333
7 0.35546875 0.2802734375 0.0693359375 0.19986979166666666
8 0.381103515625 0.455078125 0.25048828125 0.17317708333333334
9 0.65185546875 0.44140625 0.0693359375 0.140625
9 0.489501953125 0.21158854166666666 0.03759765625 0.08463541666666667
11 0.70556640625 0.4010416666666667 0.0595703125 0.19270833333333334
12 0.5712890625 0.3564453125 0.0869140625 0.3118489583333333
17 0.52978515625 0.3802083333333333 0.5498046875 0.54296875
