0 0.34765625 0.6165364583333334 0.0810546875 0.040364583333333336
0 0.2998046875 0.5768229166666666 0.03125 0.046875
0 0.395751953125 0.6344401041666666 0.03662109375 0.038411458333333336
4 0.323486328125 0.5836588541666666 0.03857421875 0.043619791666666664
8 0.537841796875 0.5494791666666666 0.14599609375 0.08984375
9 0.33544921875 0.5224609375 0.048828125 0.08528645833333333
9 0.53076171875 0.4944661458333333 0.0380859375 0.059244791666666664
10 0.458740234375 0.4703776041666667 0.05908203125 0.052734375
10 0.44140625 0.58203125 0.10546875 0.040364583333333336
10 0.473388671875 0.5563151041666666 0.04638671875 0.020182291666666668
10 0.419677734375 0.5172526041666666 0.13232421875 0.07877604166666667
11 0.447509765625 0.6279296875 0.06884765625 0.061848958333333336
11 0.509765625 0.4661458333333333 0.0341796875 0.07552083333333333
13 0.36083984375 0.5823567708333334 0.0537109375 0.07486979166666667
14 0.424072265625 0.5260416666666666 0.06591796875 0.08072916666666667
17 0.471435546875 0.5579427083333334 0.41650390625 0.3216145833333333
