0 0.529541015625 0.6188151041666666 0.12353515625 0.038411458333333336
0 0.606689453125 0.5439453125 0.03466796875 0.035807291666666664
0 0.593994140625 0.5768229166666666 0.02490234375 0.01953125
1 0.43017578125 0.599609375 0.0751953125 0.0546875
4 0.53759765625 0.5930989583333334 0.0673828125 0.044270833333333336
5 0.470703125 0.5436197916666666 0.044921875 0.09114583333333333
9 0.352783203125 0.5172526041666666 0.03662109375 0.072265625
9 0.48388671875 0.5533854166666666 0.0478515625 0.09505208333333333
10 0.422607421875 0.5035807291666666 0.09130859375 0.13606770833333334
10 0.488037109375 0.505859375 0.10888671875 0.06640625
10 0.432373046875 0.5628255208333334 0.03857421875 0.06575520833333333
11 0.315185546875 0.49609375 0.03857421875 0.0703125
11 0.5947265625 0.5201822916666666 0.02734375 0.022135416666666668
12 0.3466796875 0.5631510416666666 0.0908203125 0.078125
13 0.572265625 0.5426432291666666 0.048828125 0.06315104166666667
14 0.53857421875 0.490234375 0.056640625 0.06640625
16 0.34814453125 0.6018880208333334 0.05859375 0.052734375
17 0.468017578125 0.5712890625 0.39111328125 0.294921875
