10 0.125244140625 0.6155598958333334 0.06689453125 0.166015625
9 0.3671875 0.39453125 0.060546875 0.16015625
11 0.656982421875 0.4723307291666667 0.09619140625 0.06705729166666667
6 0.835205078125 0.7096354166666666 0.08349609375 0.040364583333333336
8 0.204833984375 0.7542317708333334 0.19677734375 0.13216145833333334
8 0.6552734375 0.3629557291666667 0.1474609375 0.111328125
5 0.427001953125 0.3759765625 0.06005859375 0.12825520833333334
13 0.49169921875 0.4479166666666667 0.0712890625 0.10416666666666667
14 0.548583984375 0.361328125 0.07861328125 0.09895833333333333
10 0.52197265625 0.263671875 0.0615234375 0.2526041666666667
16 0.3203125 0.3805338541666667 0.03515625 0.051432291666666664
0 0.433837890625 0.3076171875 0.11181640625 0.059244791666666664
12 0.230712890625 0.9381510416666666 0.08154296875 0.12369791666666667
0 0.361328125 0.5123697916666666 0.1552734375 0.08723958333333333
0 0.529296875 0.53125 0.1220703125 0.09895833333333333
0 0.6015625 0.4928385416666667 0.0478515625 0.08463541666666667
1 0.31396484375 0.4290364583333333 0.056640625 0.03515625
10 0.5791015625 0.4348958333333333 0.1259765625 0.08333333333333333
9 0.482421875 0.3053385416666667 0.0419921875 0.08463541666666667
11 0.43896484375 0.2662760416666667 0.044921875 0.08723958333333333
7 0.05712890625 0.7548828125 0.11328125 0.208984375
12 0.328125 0.6901041666666666 0.0556640625 0.18229166666666666
15 0.2470703125 0.658203125 0.0927734375 0.05859375
4 0.21533203125 0.5384114583333334 0.04296875 0.04296875
7 0.09130859375 0.740234375 0.05859375 0.13671875
10 0.93505859375 0.828125 0.103515625 0.22916666666666666
13 0.8857421875 0.8001302083333334 0.0654296875 0.08723958333333333
14 0.904296875 0.7298177083333334 0.0673828125 0.06640625
17 0.52001953125 0.40234375 0.53125 0.40625
