1 0.5263671875 0.4612630208333333 0.20703125 0.057942708333333336
5 0.554443359375 0.3623046875 0.03955078125 0.056640625
6 0.4404296875 0.4036458333333333 0.0390625 0.0390625
7 0.5908203125 0.3294270833333333 0.0537109375 0.1953125
8 0.46533203125 0.3548177083333333 0.12890625 0.10807291666666667
8 0.539794921875 0.296875 0.07958984375 0.08203125
10 0.628662109375 0.3935546875 0.04736328125 0.07096354166666667
10 0.655517578125 0.3776041666666667 0.05419921875 0.078125
12 0.528564453125 0.4029947916666667 0.14111328125 0.07552083333333333
17 0.545166015625 0.4020182291666667 0.41162109375 0.3235677083333333
