0 0.40576171875 0.3561197916666667 0.044921875 0.04296875
0 0.54833984375 0.4401041666666667 0.0986328125 0.044270833333333336
1 0.657958984375 0.5126953125 0.14794921875 0.09700520833333333
2 0.45068359375 0.38671875 0.08203125 0.052083333333333336
5 0.420654296875 0.455078125 0.08154296875 0.09765625
6 0.490966796875 0.5065104166666666 0.07275390625 0.08333333333333333
7 0.603271484375 0.3401692708333333 0.06103515625 0.19986979166666666
9 0.51513671875 0.3763020833333333 0.064453125 0.052083333333333336
10 0.5517578125 0.3951822916666667 0.0654296875 0.061197916666666664
10 0.48388671875 0.41796875 0.0380859375 0.06510416666666667
11 0.359130859375 0.4944661458333333 0.06201171875 0.06966145833333333
12 0.58740234375 0.4713541666666667 0.1630859375 0.09765625
12 0.611328125 0.3841145833333333 0.1171875 0.06380208333333333
13 0.381103515625 0.4300130208333333 0.03466796875 0.07486979166666667
14 0.451171875 0.359375 0.056640625 0.052083333333333336
17 0.496337890625 0.4576822916666667 0.52685546875 0.421875
