0 0.460205078125 0.5104166666666666 0.12451171875 0.17578125
2 0.514404296875 0.375 0.09814453125 0.053385416666666664
3 0.6142578125 0.4544270833333333 0.3154296875 0.21614583333333334
6 0.443359375 0.3938802083333333 0.0595703125 0.09244791666666667
9 0.411376953125 0.4638671875 0.07666015625 0.166015625
10 0.4208984375 0.4417317708333333 0.1396484375 0.08268229166666667
10 0.572265625 0.4261067708333333 0.044921875 0.09700520833333333
12 0.5205078125 0.3463541666666667 0.060546875 0.23046875
14 0.508056640625 0.4905598958333333 0.07275390625 0.10221354166666667
17 0.474853515625 0.4326171875 0.60888671875 0.439453125
