10 0.1396484375 0.5696614583333334 0.064453125 0.16276041666666666
10 0.462646484375 0.3675130208333333 0.04736328125 0.17252604166666666
12 0.517578125 0.212890625 0.0419921875 0.11328125
10 0.9501953125 0.6471354166666666 0.080078125 0.19661458333333334
8 0.257080078125 0.6227213541666666 0.15966796875 0.11002604166666667
5 0.5068359375 0.3509114583333333 0.0458984375 0.11979166666666667
7 0.223876953125 0.521484375 0.05126953125 0.1015625
17 0.548828125 0.3697916666666667 0.4814453125 0.47265625
2 0.635009765625 0.3020833333333333 0.07763671875 0.08203125
16 0.83056640625 0.69140625 0.044921875 0.048177083333333336
9 0.963623046875 0.7838541666666666 0.07177734375 0.13541666666666666
10 0.978515625 0.6715494791666666 0.04296875 0.14908854166666666
7 0.57470703125 0.3238932291666667 0.0625 0.244140625
8 0.157470703125 0.3606770833333333 0.15478515625 0.11328125
8 0.370849609375 0.3284505208333333 0.14306640625 0.107421875
10 0.862060546875 0.7662760416666666 0.07275390625 0.20182291666666666
4 0.3974609375 0.3984375 0.0634765625 0.049479166666666664
0 0.623291015625 0.4459635416666667 0.12841796875 0.06510416666666667
2 0.637939453125 0.3763020833333333 0.07763671875 0.059895833333333336
6 0.509765625 0.27734375 0.091796875 0.029947916666666668
