10 0.109375 0.705078125 0.0595703125 0.14973958333333334
10 0.4365234375 0.4332682291666667 0.1298828125 0.12565104166666666
10 0.63818359375 0.38671875 0.0546875 0.20182291666666666
12 0.459716796875 0.3349609375 0.04541015625 0.15559895833333334
9 0.556396484375 0.4378255208333333 0.04833984375 0.115234375
17 0.542236328125 0.4749348958333333 0.49462890625 0.4537760416666667
6 0.5078125 0.5061848958333334 0.1240234375 0.033203125
10 0.175048828125 0.6617838541666666 0.07763671875 0.197265625
7 0.4228515625 0.3118489583333333 0.041015625 0.13671875
7 0.591064453125 0.3502604166666667 0.04638671875 0.0703125
5 0.36474609375 0.4449869791666667 0.064453125 0.09830729166666667
6 0.5380859375 0.5338541666666666 0.134765625 0.037760416666666664
9 0.4228515625 0.3115234375 0.041015625 0.13606770833333334
5 0.199462890625 0.8225911458333334 0.06103515625 0.08919270833333333
5 0.125732421875 0.814453125 0.08544921875 0.10286458333333333
9 0.5576171875 0.4443359375 0.048828125 0.11393229166666667
8 0.52294921875 0.3590494791666667 0.0810546875 0.051432291666666664
1 0.672607421875 0.478515625 0.01611328125 0.08984375
10 0.961669921875 0.3902994791666667 0.07373046875 0.298828125
7 0.919677734375 0.6337890625 0.06494140625 0.236328125
7 0.892822265625 0.8271484375 0.06494140625 0.19986979166666666
10 0.966796875 0.8050130208333334 0.0546875 0.18684895833333334
