10 0.12548828125 0.6155598958333334 0.0673828125 0.16731770833333334
9 0.369873046875 0.400390625 0.06201171875 0.15755208333333334
6 0.83642578125 0.7102864583333334 0.0869140625 0.040364583333333336
11 0.66650390625 0.466796875 0.087890625 0.06770833333333333
8 0.201416015625 0.75 0.19580078125 0.13020833333333334
5 0.42919921875 0.3782552083333333 0.0576171875 0.13020833333333334
14 0.554443359375 0.3600260416666667 0.07861328125 0.1015625
16 0.317138671875 0.3857421875 0.04052734375 0.055338541666666664
12 0.23193359375 0.9381510416666666 0.078125 0.12369791666666667
13 0.50146484375 0.4459635416666667 0.0703125 0.109375
10 0.51904296875 0.2552083333333333 0.0634765625 0.234375
8 0.655517578125 0.3587239583333333 0.14599609375 0.109375
0 0.37255859375 0.5227864583333334 0.16796875 0.06640625
0 0.54052734375 0.5240885416666666 0.115234375 0.09505208333333333
0 0.6083984375 0.4895833333333333 0.0322265625 0.08072916666666667
1 0.3154296875 0.4303385416666667 0.0537109375 0.037760416666666664
0 0.43701171875 0.30859375 0.119140625 0.0625
11 0.43017578125 0.265625 0.041015625 0.09114583333333333
9 0.474609375 0.3079427083333333 0.0478515625 0.09244791666666667
10 0.5927734375 0.4290364583333333 0.1123046875 0.07682291666666667
17 0.51806640625 0.3984375 0.53515625 0.4010416666666667
15 0.248046875 0.6595052083333334 0.0927734375 0.055989583333333336
4 0.21728515625 0.533203125 0.044921875 0.05078125
12 0.32861328125 0.6875 0.068359375 0.17708333333333334
7 0.05908203125 0.7532552083333334 0.115234375 0.22526041666666666
10 0.93505859375 0.8274739583333334 0.107421875 0.23046875
13 0.87890625 0.796875 0.0673828125 0.09635416666666667
14 0.90625 0.7337239583333334 0.0693359375 0.06901041666666667
