0 0.386962890625 0.4977213541666667 0.14013671875 0.154296875
2 0.560302734375 0.3902994791666667 0.06591796875 0.068359375
3 0.607421875 0.466796875 0.2939453125 0.2421875
6 0.4384765625 0.392578125 0.0498046875 0.08333333333333333
9 0.37158203125 0.4453125 0.0712890625 0.15104166666666666
10 0.54931640625 0.3531901041666667 0.05078125 0.08268229166666667
10 0.567626953125 0.4501953125 0.08154296875 0.09440104166666667
12 0.509765625 0.3642578125 0.0693359375 0.2701822916666667
14 0.457763671875 0.4811197916666667 0.09033203125 0.11588541666666667
17 0.457763671875 0.4267578125 0.63427734375 0.4876302083333333
