10 0.125244140625 0.6158854166666666 0.06787109375 0.16666666666666666
10 0.300537109375 0.3929036458333333 0.09619140625 0.095703125
10 0.36767578125 0.4127604166666667 0.05078125 0.19010416666666666
11 0.3779296875 0.328125 0.0478515625 0.08984375
7 0.634765625 0.306640625 0.06640625 0.234375
11 0.685546875 0.40234375 0.0439453125 0.06640625
8 0.1943359375 0.7467447916666666 0.2041015625 0.12760416666666666
13 0.87939453125 0.8017578125 0.060546875 0.09049479166666667
6 0.83984375 0.7037760416666666 0.091796875 0.03125
4 0.2158203125 0.5361328125 0.0361328125 0.037109375
16 0.84814453125 0.7337239583333334 0.0478515625 0.053385416666666664
9 0.51171875 0.3304036458333333 0.0703125 0.17252604166666666
12 0.231201171875 0.9381510416666666 0.08056640625 0.12369791666666667
17 0.4931640625 0.4163411458333333 0.4873046875 0.525390625
14 0.905029296875 0.7294921875 0.06689453125 0.061848958333333336
2 0.588134765625 0.4397786458333333 0.09326171875 0.11653645833333333
9 0.3779296875 0.3277994791666667 0.046875 0.09049479166666667
8 0.572509765625 0.3297526041666667 0.06787109375 0.103515625
14 0.11962890625 0.8623046875 0.0849609375 0.107421875
0 0.546142578125 0.5390625 0.17236328125 0.07161458333333333
0 0.668701171875 0.4762369791666667 0.06103515625 0.08919270833333333
5 0.451416015625 0.3958333333333333 0.06884765625 0.13020833333333334
0 0.445556640625 0.3141276041666667 0.08056640625 0.035807291666666664
11 0.325927734375 0.3017578125 0.04248046875 0.09700520833333333
12 0.4384765625 0.23209635416666666 0.046875 0.15169270833333334
10 0.486328125 0.21516927083333334 0.056640625 0.15169270833333334
5 0.51123046875 0.4641927083333333 0.0888671875 0.12630208333333334
7 0.050048828125 0.7623697916666666 0.08056640625 0.23177083333333334
12 0.324951171875 0.69140625 0.05517578125 0.171875
10 0.933837890625 0.8268229166666666 0.10302734375 0.22395833333333334
15 0.248291015625 0.662109375 0.08056640625 0.049479166666666664
