10 0.664794921875 0.4111328125 0.03955078125 0.14127604166666666
10 0.146484375 0.79296875 0.041015625 0.18489583333333334
11 0.4228515625 0.4358723958333333 0.0498046875 0.10091145833333333
10 0.191162109375 0.8251953125 0.06103515625 0.18033854166666666
10 0.3134765625 0.8577473958333334 0.0703125 0.2506510416666667
13 0.240966796875 0.8193359375 0.05322265625 0.08528645833333333
17 0.571044921875 0.4228515625 0.42041015625 0.416015625
10 0.5556640625 0.3063151041666667 0.037109375 0.15299479166666666
7 0.6767578125 0.3369140625 0.0556640625 0.17252604166666666
10 0.67724609375 0.3404947916666667 0.056640625 0.17838541666666666
15 0.821044921875 0.7135416666666666 0.09130859375 0.045572916666666664
17 0.074951171875 0.11881510416666667 0.14892578125 0.205078125
17 0.05126953125 0.11783854166666667 0.1015625 0.20703125
10 0.5908203125 0.3955078125 0.052734375 0.103515625
5 0.590576171875 0.3955078125 0.05224609375 0.103515625
2 0.614013671875 0.3255208333333333 0.06689453125 0.061197916666666664
2 0.629150390625 0.3792317708333333 0.02978515625 0.043619791666666664
13 0.5400390625 0.42578125 0.046875 0.0625
4 0.58642578125 0.4860026041666667 0.0615234375 0.06966145833333333
6 0.532958984375 0.5016276041666666 0.02490234375 0.09440104166666667
14 0.473388671875 0.3844401041666667 0.04833984375 0.07096354166666667
6 0.38671875 0.3538411458333333 0.03515625 0.07356770833333333
2 0.399658203125 0.3876953125 0.08447265625 0.060546875
5 0.205810546875 0.9365234375 0.10986328125 0.11653645833333333
16 0.287841796875 0.9710286458333334 0.06201171875 0.057942708333333336
