0 0.52880859375 0.9391276041666666 0.01953125 0.06966145833333333
1 0.19775390625 0.9755859375 0.0224609375 0.048828125
1 0.491455078125 0.9742838541666666 0.04541015625 0.027994791666666668
5 0.453857421875 0.9036458333333334 0.05517578125 0.08984375
8 0.310302734375 0.8779296875 0.08154296875 0.08268229166666667
9 0.507080078125 0.9075520833333334 0.05322265625 0.12239583333333333
10 0.401611328125 0.8727213541666666 0.14208984375 0.10611979166666667
10 0.374267578125 0.8723958333333334 0.06982421875 0.15625
10 0.309326171875 0.947265625 0.06396484375 0.059895833333333336
9 0.23095703125 0.953125 0.041015625 0.09244791666666667
12 0.38720703125 0.9765625 0.1728515625 0.046875
14 0.41748046875 0.8258463541666666 0.048828125 0.039713541666666664
17 0.368408203125 0.8938802083333334 0.43603515625 0.21223958333333334
