10 0.124755859375 0.615234375 0.06689453125 0.16666666666666666
6 0.8359375 0.7102864583333334 0.0908203125 0.040364583333333336
9 0.67578125 0.4248046875 0.0595703125 0.123046875
8 0.207275390625 0.7506510416666666 0.20166015625 0.13932291666666666
12 0.23095703125 0.9384765625 0.0791015625 0.123046875
12 0.598876953125 0.3453776041666667 0.06494140625 0.2923177083333333
14 0.401611328125 0.3177083333333333 0.06982421875 0.08463541666666667
1 0.556640625 0.5221354166666666 0.2841796875 0.059895833333333336
8 0.4189453125 0.4654947916666667 0.2509765625 0.19401041666666666
11 0.2998046875 0.412109375 0.0654296875 0.06901041666666667
10 0.51904296875 0.2981770833333333 0.076171875 0.3020833333333333
11 0.7177734375 0.3736979166666667 0.0595703125 0.16145833333333334
7 0.05322265625 0.7594401041666666 0.10546875 0.224609375
12 0.3330078125 0.6920572916666666 0.0673828125 0.19140625
15 0.24560546875 0.6608072916666666 0.087890625 0.05859375
4 0.2177734375 0.5364583333333334 0.0458984375 0.049479166666666664
10 0.9326171875 0.822265625 0.1083984375 0.22526041666666666
13 0.88232421875 0.798828125 0.05859375 0.08984375
14 0.90576171875 0.7337239583333334 0.076171875 0.07161458333333333
17 0.52490234375 0.39453125 0.50390625 0.3828125
