1 0.3251953125 0.6103515625 0.26171875 0.2688802083333333
1 0.283203125 0.3610026041666667 0.048828125 0.014973958333333334
5 0.422119140625 0.3844401041666667 0.13134765625 0.154296875
5 0.675537109375 0.3567708333333333 0.09228515625 0.11588541666666667
7 0.32861328125 0.2561848958333333 0.12109375 0.2897135416666667
8 0.566162109375 0.4534505208333333 0.27294921875 0.341796875
8 0.54931640625 0.2516276041666667 0.208984375 0.14127604166666666
9 0.763427734375 0.4873046875 0.11474609375 0.24283854166666666
10 0.46533203125 0.5231119791666666 0.0908203125 0.18033854166666666
10 0.289794921875 0.51171875 0.19384765625 0.18489583333333334
10 0.326904296875 0.4309895833333333 0.22509765625 0.15234375
13 0.684326171875 0.4427083333333333 0.06591796875 0.09765625
17 0.427490234375 0.5305989583333334 0.80224609375 0.8971354166666666
