0 0.526611328125 0.3147786458333333 0.12841796875 0.050130208333333336
0 0.67529296875 0.4847005208333333 0.091796875 0.10872395833333333
0 0.6953125 0.4173177083333333 0.0712890625 0.048177083333333336
1 0.459716796875 0.4833984375 0.15771484375 0.11783854166666667
1 0.375732421875 0.3645833333333333 0.08251953125 0.041666666666666664
5 0.513916015625 0.4055989583333333 0.06689453125 0.140625
8 0.5224609375 0.2981770833333333 0.087890625 0.0625
9 0.58349609375 0.4173177083333333 0.0673828125 0.16276041666666666
9 0.321533203125 0.3619791666666667 0.03857421875 0.08723958333333333
10 0.451904296875 0.4326171875 0.06884765625 0.111328125
10 0.458251953125 0.2718098958333333 0.06884765625 0.2727864583333333
10 0.321533203125 0.4684244791666667 0.09521484375 0.130859375
11 0.2802734375 0.3714192708333333 0.0751953125 0.14778645833333334
11 0.62841796875 0.3408203125 0.04296875 0.034505208333333336
12 0.37158203125 0.2828776041666667 0.0703125 0.24674479166666666
13 0.64013671875 0.3889973958333333 0.0498046875 0.07877604166666667
14 0.5791015625 0.3069661458333333 0.072265625 0.07747395833333333
16 0.404541015625 0.5113932291666666 0.07861328125 0.07096354166666667
17 0.52783203125 0.37890625 0.58984375 0.5247395833333334
