10 0.125244140625 0.6158854166666666 0.06787109375 0.16666666666666666
9 0.438232421875 0.22721354166666666 0.04736328125 0.10807291666666667
7 0.356689453125 0.3186848958333333 0.07373046875 0.23502604166666666
10 0.51806640625 0.28515625 0.07421875 0.27734375
8 0.191650390625 0.7451171875 0.20751953125 0.12434895833333333
9 0.684814453125 0.404296875 0.06103515625 0.1171875
10 0.0517578125 0.7571614583333334 0.0986328125 0.21744791666666666
6 0.840087890625 0.7041015625 0.09326171875 0.030598958333333332
13 0.87939453125 0.8017578125 0.0595703125 0.09049479166666667
17 0.528564453125 0.3990885416666667 0.55810546875 0.50390625
4 0.214599609375 0.5377604166666666 0.03564453125 0.03515625
12 0.61962890625 0.333984375 0.06640625 0.28515625
14 0.905029296875 0.7301432291666666 0.06494140625 0.060546875
12 0.231689453125 0.9381510416666666 0.08154296875 0.12369791666666667
16 0.846923828125 0.7337239583333334 0.04638671875 0.052083333333333336
14 0.1201171875 0.8626302083333334 0.0849609375 0.10807291666666667
11 0.710693359375 0.3170572916666667 0.06298828125 0.06380208333333333
14 0.9052734375 0.7301432291666666 0.06640625 0.061848958333333336
1 0.596923828125 0.5126953125 0.24853515625 0.087890625
8 0.4423828125 0.4622395833333333 0.244140625 0.19921875
11 0.300537109375 0.4368489583333333 0.05224609375 0.07421875
5 0.44287109375 0.326171875 0.0537109375 0.07552083333333333
2 0.412109375 0.3551432291666667 0.0439453125 0.08138020833333333
12 0.327880859375 0.6953125 0.05322265625 0.1796875
10 0.934326171875 0.826171875 0.10791015625 0.22526041666666666
