10 0.952880859375 0.673828125 0.06494140625 0.1796875
10 0.745849609375 0.4654947916666667 0.12939453125 0.07421875
4 0.7900390625 0.5550130208333334 0.0947265625 0.10221354166666667
10 0.3349609375 0.888671875 0.1025390625 0.22265625
10 0.224609375 0.9534505208333334 0.07421875 0.09309895833333333
5 0.57958984375 0.5833333333333334 0.08203125 0.12760416666666666
6 0.58154296875 0.5045572916666666 0.095703125 0.08463541666666667
2 0.4990234375 0.4993489583333333 0.0908203125 0.10807291666666667
8 0.47998046875 0.41015625 0.115234375 0.09375
8 0.59619140625 0.4127604166666667 0.115234375 0.14322916666666666
3 0.791015625 0.6061197916666666 0.3212890625 0.12369791666666667
9 0.7138671875 0.4934895833333333 0.1025390625 0.07291666666666667
13 0.61669921875 0.4934895833333333 0.0703125 0.078125
1 0.6953125 0.4524739583333333 0.0654296875 0.08463541666666667
1 0.7041015625 0.4407552083333333 0.1337890625 0.06380208333333333
6 0.48876953125 0.4921875 0.03515625 0.03125
6 0.83984375 0.5182291666666666 0.0673828125 0.033854166666666664
17 0.63037109375 0.50390625 0.505859375 0.3463541666666667
