0 0.392578125 0.3567708333333333 0.0634765625 0.036458333333333336
1 0.5400390625 0.3824869791666667 0.19921875 0.083984375
2 0.6123046875 0.4088541666666667 0.0947265625 0.09505208333333333
3 0.44384765625 0.4915364583333333 0.1689453125 0.3033854166666667
6 0.536376953125 0.3388671875 0.02880859375 0.041015625
7 0.441162109375 0.24641927083333334 0.14599609375 0.095703125
9 0.481201171875 0.4085286458333333 0.04736328125 0.09440104166666667
9 0.441162109375 0.3251953125 0.05029296875 0.08528645833333333
10 0.62255859375 0.380859375 0.1025390625 0.05859375
10 0.550048828125 0.39453125 0.04150390625 0.1171875
10 0.49072265625 0.5211588541666666 0.0771484375 0.154296875
10 0.5068359375 0.3610026041666667 0.064453125 0.11393229166666667
11 0.55712890625 0.4798177083333333 0.076171875 0.0703125
14 0.423828125 0.3899739583333333 0.064453125 0.07682291666666667
17 0.491943359375 0.3987630208333333 0.45654296875 0.4016927083333333
