0 0.497802734375 0.5006510416666666 0.03759765625 0.041666666666666664
1 0.6005859375 0.6435546875 0.1904296875 0.026692708333333332
2 0.5302734375 0.5302734375 0.068359375 0.043619791666666664
4 0.486328125 0.5491536458333334 0.0244140625 0.026692708333333332
5 0.447021484375 0.5657552083333334 0.06201171875 0.07942708333333333
6 0.477783203125 0.6145833333333334 0.01318359375 0.0625
7 0.602294921875 0.5100911458333334 0.05419921875 0.17643229166666666
10 0.619873046875 0.5556640625 0.10107421875 0.054036458333333336
10 0.536376953125 0.5546875 0.05322265625 0.032552083333333336
11 0.39697265625 0.5895182291666666 0.05078125 0.048828125
12 0.56982421875 0.5979817708333334 0.15234375 0.07096354166666667
12 0.663330078125 0.5579427083333334 0.07177734375 0.07161458333333333
14 0.529541015625 0.5104166666666666 0.05322265625 0.045572916666666664
17 0.511962890625 0.5794270833333334 0.42626953125 0.3606770833333333
