0 0.316650390625 0.4029947916666667 0.15380859375 0.07942708333333333
1 0.51904296875 0.3681640625 0.2431640625 0.034505208333333336
2 0.59130859375 0.3727213541666667 0.1044921875 0.10481770833333333
3 0.484130859375 0.5390625 0.25927734375 0.37109375
7 0.340087890625 0.24186197916666666 0.17041015625 0.138671875
9 0.47119140625 0.4134114583333333 0.0625 0.1328125
9 0.349853515625 0.3466796875 0.06982421875 0.12565104166666666
10 0.456298828125 0.3678385416666667 0.15185546875 0.109375
10 0.565673828125 0.3704427083333333 0.05322265625 0.1640625
10 0.621826171875 0.3307291666666667 0.07666015625 0.0625
10 0.587890625 0.5260416666666666 0.107421875 0.18359375
11 0.601318359375 0.4521484375 0.08642578125 0.07356770833333333
14 0.383544921875 0.4293619791666667 0.08935546875 0.11653645833333333
17 0.43505859375 0.3902994791666667 0.572265625 0.4641927083333333
