0 0.689697265625 0.1142578125 0.09619140625 0.072265625
1 0.6318359375 0.3382161458333333 0.0791015625 0.16861979166666666
2 0.633056640625 0.4938151041666667 0.17041015625 0.212890625
7 0.82666015625 0.11588541666666667 0.197265625 0.22916666666666666
8 0.776611328125 0.4674479166666667 0.23583984375 0.4283854166666667
9 0.6982421875 0.3020833333333333 0.0927734375 0.15494791666666666
9 0.765380859375 0.16927083333333334 0.08447265625 0.16276041666666666
9 0.616455078125 0.2431640625 0.07861328125 0.14127604166666666
10 0.591064453125 0.3346354166666667 0.09228515625 0.19791666666666666
10 0.640869140625 0.5006510416666666 0.08251953125 0.2265625
10 0.435791015625 0.3017578125 0.18505859375 0.11783854166666667
10 0.66357421875 0.14420572916666666 0.1318359375 0.18294270833333334
11 0.505126953125 0.4127604166666667 0.09326171875 0.16666666666666666
14 0.638671875 0.1455078125 0.091796875 0.07747395833333333
15 0.548828125 0.2646484375 0.0380859375 0.166015625
17 0.664306640625 0.4108072916666667 0.65283203125 0.80859375
