0 0.5703125 0.2955729166666667 0.0947265625 0.0546875
0 0.659423828125 0.3623046875 0.03369140625 0.035807291666666664
1 0.33447265625 0.48828125 0.1337890625 0.140625
1 0.639404296875 0.4251302083333333 0.13232421875 0.05078125
4 0.569580078125 0.3528645833333333 0.05712890625 0.11588541666666667
8 0.318603515625 0.3701171875 0.14306640625 0.13606770833333334
9 0.623291015625 0.3430989583333333 0.05029296875 0.125
9 0.457763671875 0.4788411458333333 0.07470703125 0.162109375
10 0.452880859375 0.2727864583333333 0.05908203125 0.2630208333333333
10 0.59228515625 0.4147135416666667 0.080078125 0.055989583333333336
10 0.63671875 0.4856770833333333 0.1494140625 0.10416666666666667
11 0.523681640625 0.4625651041666667 0.06689453125 0.19986979166666666
12 0.40478515625 0.3509114583333333 0.09765625 0.3098958333333333
17 0.522216796875 0.3951822916666667 0.57080078125 0.53125
