9 0.6162109375 0.6383463541666666 0.0361328125 0.07096354166666667
10 0.44775390625 0.720703125 0.044921875 0.18229166666666666
2 0.402587890625 0.6722005208333334 0.06005859375 0.07877604166666667
17 0.486083984375 0.73828125 0.41748046875 0.48828125
6 0.551513671875 0.6168619791666666 0.02783203125 0.057942708333333336
10 0.461669921875 0.55078125 0.02490234375 0.07421875
5 0.4775390625 0.6409505208333334 0.037109375 0.091796875
2 0.6318359375 0.7154947916666666 0.0791015625 0.08463541666666667
10 0.415771484375 0.5397135416666666 0.02197265625 0.0859375
7 0.40087890625 0.5833333333333334 0.0439453125 0.11067708333333333
13 0.524658203125 0.6484375 0.04052734375 0.05859375
14 0.5634765625 0.7102864583333334 0.0546875 0.0703125
5 0.587890625 0.7718098958333334 0.056640625 0.10481770833333333
4 0.519287109375 0.7679036458333334 0.02978515625 0.08528645833333333
2 0.404541015625 0.7272135416666666 0.06005859375 0.041666666666666664
6 0.643798828125 0.7194010416666666 0.04736328125 0.03515625
16 0.486572265625 0.7216796875 0.03955078125 0.042317708333333336
4 0.512939453125 0.6165364583333334 0.03369140625 0.029947916666666668
0 0.368896484375 0.6767578125 0.03369140625 0.06705729166666667
