1 0.54150390625 0.3623046875 0.029296875 0.051432291666666664
2 0.568115234375 0.4134114583333333 0.10888671875 0.14192708333333334
7 0.526611328125 0.12434895833333333 0.16357421875 0.16276041666666666
8 0.635009765625 0.3346354166666667 0.15673828125 0.22786458333333334
9 0.46337890625 0.2867838541666667 0.0615234375 0.107421875
9 0.539306640625 0.2796223958333333 0.04736328125 0.107421875
9 0.50439453125 0.19108072916666666 0.0458984375 0.072265625
10 0.500244140625 0.3388671875 0.06494140625 0.14908854166666666
10 0.582275390625 0.3987630208333333 0.12060546875 0.095703125
10 0.3662109375 0.3955078125 0.1328125 0.13606770833333334
10 0.4892578125 0.22200520833333334 0.1533203125 0.15755208333333334
11 0.4638671875 0.4244791666666667 0.091796875 0.09765625
14 0.434326171875 0.2373046875 0.06103515625 0.07877604166666667
17 0.530517578125 0.3193359375 0.50341796875 0.5657552083333334
