1 0.3623046875 0.2975260416666667 0.091796875 0.07942708333333333
2 0.3642578125 0.3821614583333333 0.1298828125 0.15104166666666666
7 0.512451171875 0.14420572916666666 0.10302734375 0.173828125
8 0.4697265625 0.3645833333333333 0.19140625 0.26171875
9 0.49169921875 0.20247395833333334 0.056640625 0.1015625
9 0.380126953125 0.22981770833333334 0.05517578125 0.08463541666666667
9 0.42822265625 0.23860677083333334 0.048828125 0.059244791666666664
10 0.346923828125 0.2509765625 0.04931640625 0.111328125
10 0.41748046875 0.17024739583333334 0.0908203125 0.10872395833333333
10 0.2490234375 0.2555338541666667 0.1484375 0.064453125
11 0.2958984375 0.3271484375 0.048828125 0.115234375
17 0.443115234375 0.322265625 0.51025390625 0.5416666666666666
