10 0.642333984375 0.6682942708333334 0.03076171875 0.10872395833333333
12 0.39208984375 0.5891927083333334 0.037109375 0.14192708333333334
10 0.524658203125 0.6321614583333334 0.02880859375 0.109375
7 0.50048828125 0.568359375 0.0341796875 0.14583333333333334
10 0.6845703125 0.6959635416666666 0.0244140625 0.12630208333333334
2 0.43798828125 0.5589192708333334 0.05078125 0.055338541666666664
14 0.343017578125 0.6507161458333334 0.04541015625 0.064453125
16 0.60302734375 0.7330729166666666 0.0234375 0.041666666666666664
10 0.663330078125 0.7545572916666666 0.03662109375 0.11197916666666667
9 0.36083984375 0.7353515625 0.0400390625 0.087890625
5 0.45458984375 0.625 0.0400390625 0.09635416666666667
17 0.394287109375 0.6979166666666666 0.35986328125 0.38671875
13 0.6337890625 0.75390625 0.033203125 0.046875
2 0.43408203125 0.5947265625 0.0341796875 0.031901041666666664
14 0.28662109375 0.6647135416666666 0.052734375 0.059895833333333336
2 0.29345703125 0.703125 0.0791015625 0.048177083333333336
8 0.4326171875 0.7291666666666666 0.0927734375 0.14583333333333334
4 0.4951171875 0.703125 0.0390625 0.048177083333333336
