6 0.6497395833333334 1.0020833333333334 0.10572916666666667 0.09583333333333334
10 0.6661458333333333 0.84625 0.034375 0.17416666666666666
10 0.46796875 0.7525 0.0390625 0.18666666666666668
10 0.76796875 0.885 0.0328125 0.12833333333333333
7 0.6190104166666667 0.7508333333333334 0.04635416666666667 0.195
10 0.7114583333333333 0.8 0.03333333333333333 0.13166666666666665
9 0.5458333333333333 1.0208333333333333 0.046875 0.13166666666666665
10 0.7614583333333333 0.7829166666666667 0.025 0.08083333333333333
17 0.5614583333333333 0.9433333333333334 0.5635416666666667 0.6033333333333334
8 0.540625 1.1258333333333332 0.3 0.22833333333333333
5 0.59140625 0.8383333333333334 0.04114583333333333 0.11
6 0.39947916666666666 0.9470833333333334 0.14479166666666668 0.1025
10 0.5807291666666666 0.91 0.051041666666666666 0.07833333333333334
10 0.5377604166666666 0.76375 0.059895833333333336 0.10583333333333333
16 0.5104166666666666 0.8595833333333334 0.03125 0.0675
2 0.39765625 0.8716666666666667 0.05677083333333333 0.08333333333333333
10 0.46979166666666666 0.9008333333333334 0.053125 0.08166666666666667
