10 0.12451171875 0.6158854166666666 0.0673828125 0.16666666666666666
7 0.38916015625 0.3479817708333333 0.07421875 0.2701822916666667
8 0.203125 0.7529296875 0.1982421875 0.12174479166666667
12 0.6416015625 0.3111979166666667 0.06640625 0.2630208333333333
12 0.2314453125 0.9388020833333334 0.0810546875 0.12239583333333333
16 0.84716796875 0.7360026041666666 0.0439453125 0.051432291666666664
6 0.83349609375 0.7044270833333334 0.0869140625 0.03125
10 0.520263671875 0.2620442708333333 0.06787109375 0.23893229166666666
14 0.119384765625 0.86328125 0.08447265625 0.10807291666666667
13 0.881103515625 0.8024088541666666 0.05517578125 0.08658854166666667
14 0.90283203125 0.734375 0.076171875 0.07291666666666667
10 0.9326171875 0.830078125 0.1142578125 0.23307291666666666
8 0.53466796875 0.4661458333333333 0.17578125 0.1875
1 0.66650390625 0.4791666666666667 0.11328125 0.12760416666666666
9 0.68212890625 0.365234375 0.037109375 0.10546875
10 0.59130859375 0.3274739583333333 0.0625 0.08723958333333333
5 0.46875 0.3372395833333333 0.0458984375 0.11197916666666667
0 0.45361328125 0.2786458333333333 0.078125 0.03125
11 0.33740234375 0.4798177083333333 0.087890625 0.09505208333333333
0 0.2998046875 0.4173177083333333 0.0732421875 0.061197916666666664
12 0.32861328125 0.6940104166666666 0.060546875 0.18229166666666666
15 0.24560546875 0.6588541666666666 0.09375 0.0546875
4 0.21728515625 0.5384114583333334 0.044921875 0.040364583333333336
7 0.0546875 0.7552083333333334 0.1005859375 0.21354166666666666
17 0.5322265625 0.3899739583333333 0.5498046875 0.45703125
