10 0.642333984375 0.6673177083333334 0.03076171875 0.10807291666666667
10 0.287353515625 0.6507161458333334 0.02978515625 0.12174479166666667
10 0.683837890625 0.6796875 0.02490234375 0.09244791666666667
16 0.603515625 0.7327473958333334 0.0244140625 0.042317708333333336
2 0.42724609375 0.6705729166666666 0.0751953125 0.08072916666666667
12 0.4169921875 0.5735677083333334 0.041015625 0.12239583333333333
10 0.6630859375 0.7548828125 0.0361328125 0.11393229166666667
13 0.633544921875 0.7532552083333334 0.03271484375 0.046875
17 0.3935546875 0.7005208333333334 0.376953125 0.3606770833333333
8 0.3388671875 0.6705729166666666 0.056640625 0.16536458333333334
10 0.51220703125 0.5992838541666666 0.0400390625 0.06966145833333333
0 0.340087890625 0.7711588541666666 0.10693359375 0.046223958333333336
5 0.3671875 0.65234375 0.0302734375 0.07942708333333333
6 0.3740234375 0.6097005208333334 0.0458984375 0.021484375
2 0.42626953125 0.7236328125 0.0673828125 0.034505208333333336
4 0.5029296875 0.6416015625 0.0439453125 0.051432291666666664
14 0.458740234375 0.6087239583333334 0.04248046875 0.057291666666666664
14 0.469482421875 0.5625 0.04345703125 0.037760416666666664
8 0.345703125 0.5725911458333334 0.08984375 0.044921875
9 0.382568359375 0.560546875 0.02880859375 0.046875
