0 0.4580078125 0.2776692708333333 0.052734375 0.021484375
1 0.591796875 0.51171875 0.2626953125 0.06640625
2 0.399169921875 0.36328125 0.07177734375 0.09375
4 0.44287109375 0.3304036458333333 0.06640625 0.10091145833333333
7 0.353515625 0.3076171875 0.080078125 0.23111979166666666
8 0.443603515625 0.47265625 0.24365234375 0.19401041666666666
9 0.685546875 0.4046223958333333 0.0673828125 0.11783854166666667
9 0.437744140625 0.22591145833333334 0.05810546875 0.11588541666666667
10 0.519287109375 0.2884114583333333 0.06787109375 0.2955729166666667
11 0.30322265625 0.4388020833333333 0.052734375 0.08463541666666667
11 0.70947265625 0.3544921875 0.046875 0.158203125
12 0.620849609375 0.3372395833333333 0.06787109375 0.2916666666666667
17 0.5322265625 0.396484375 0.5615234375 0.5247395833333334
