0 0.401611328125 0.3834635416666667 0.10595703125 0.109375
2 0.52294921875 0.3248697916666667 0.046875 0.052083333333333336
3 0.555419921875 0.3623046875 0.21337890625 0.154296875
6 0.43212890625 0.31640625 0.0283203125 0.055989583333333336
9 0.385986328125 0.3541666666666667 0.06201171875 0.12369791666666667
10 0.514404296875 0.2906901041666667 0.02978515625 0.054036458333333336
10 0.532958984375 0.3577473958333333 0.07470703125 0.06575520833333333
12 0.4853515625 0.2880859375 0.0439453125 0.19075520833333334
14 0.447265625 0.3802083333333333 0.0625 0.08072916666666667
17 0.472412109375 0.3245442708333333 0.48095703125 0.3001302083333333
