0 0.302001953125 0.4163411458333333 0.07080078125 0.06575520833333333
0 0.458740234375 0.2819010416666667 0.06787109375 0.0234375
1 0.670166015625 0.4700520833333333 0.12353515625 0.13802083333333334
2 0.3486328125 0.3902994791666667 0.046875 0.08919270833333333
4 0.470703125 0.3391927083333333 0.046875 0.1171875
7 0.38916015625 0.3483072916666667 0.0888671875 0.26953125
8 0.540283203125 0.4658203125 0.15771484375 0.193359375
9 0.6845703125 0.369140625 0.0400390625 0.09114583333333333
10 0.525146484375 0.2620442708333333 0.07177734375 0.2506510416666667
10 0.594970703125 0.3297526041666667 0.06005859375 0.07877604166666667
10 0.465087890625 0.24869791666666666 0.03759765625 0.057291666666666664
11 0.345458984375 0.484375 0.08056640625 0.09114583333333333
12 0.636962890625 0.3089192708333333 0.06689453125 0.2571614583333333
17 0.528076171875 0.3720703125 0.55712890625 0.490234375
