0 0.58837890625 0.3180338541666667 0.0673828125 0.10481770833333333
2 0.41015625 0.3219401041666667 0.06640625 0.11263020833333333
6 0.522216796875 0.4075520833333333 0.03466796875 0.05078125
7 0.611328125 0.2786458333333333 0.0908203125 0.09114583333333333
8 0.470458984375 0.3561197916666667 0.12841796875 0.21744791666666666
9 0.5859375 0.34765625 0.0478515625 0.08984375
9 0.515380859375 0.3196614583333333 0.02392578125 0.09375
10 0.542724609375 0.3092447916666667 0.04736328125 0.17447916666666666
10 0.419677734375 0.23372395833333334 0.04345703125 0.05078125
10 0.4541015625 0.244140625 0.0390625 0.053385416666666664
10 0.39599609375 0.2942708333333333 0.048828125 0.05078125
17 0.5126953125 0.3557942708333333 0.3369140625 0.3639322916666667
