10 0.12548828125 0.6155598958333334 0.0673828125 0.16731770833333334
12 0.41064453125 0.24837239583333334 0.0537109375 0.18033854166666666
9 0.559814453125 0.3245442708333333 0.06884765625 0.16341145833333334
10 0.302978515625 0.41796875 0.11083984375 0.10546875
7 0.6259765625 0.2903645833333333 0.064453125 0.21223958333333334
9 0.35107421875 0.3388671875 0.046875 0.095703125
11 0.67041015625 0.3811848958333333 0.0498046875 0.06315104166666667
8 0.201904296875 0.7493489583333334 0.20361328125 0.11458333333333333
5 0.47314453125 0.3987630208333333 0.0576171875 0.134765625
13 0.87939453125 0.8014322916666666 0.05859375 0.09114583333333333
6 0.83984375 0.7034505208333334 0.0927734375 0.030598958333333332
7 0.048583984375 0.7526041666666666 0.09619140625 0.23567708333333334
16 0.846923828125 0.7340494791666666 0.04443359375 0.054036458333333336
4 0.216064453125 0.5361328125 0.03662109375 0.038411458333333336
14 0.9052734375 0.7298177083333334 0.0673828125 0.0625
12 0.2333984375 0.9381510416666666 0.078125 0.12369791666666667
14 0.1201171875 0.8619791666666666 0.083984375 0.10807291666666667
10 0.41064453125 0.435546875 0.0634765625 0.20182291666666666
5 0.55517578125 0.45703125 0.091796875 0.11979166666666667
0 0.597900390625 0.5345052083333334 0.15380859375 0.06770833333333333
0 0.687255859375 0.45703125 0.07080078125 0.07682291666666667
2 0.626220703125 0.4283854166666667 0.06884765625 0.10286458333333333
11 0.304443359375 0.3160807291666667 0.05126953125 0.111328125
10 0.481201171875 0.22493489583333334 0.06982421875 0.173828125
0 0.47314453125 0.3186848958333333 0.1015625 0.044921875
10 0.9296875 0.8277994791666666 0.107421875 0.23372395833333334
17 0.530029296875 0.3723958333333333 0.56201171875 0.4453125
