9 0.544189453125 0.6002604166666666 0.03466796875 0.07161458333333333
10 0.541748046875 0.7265625 0.04443359375 0.18359375
2 0.460693359375 0.7200520833333334 0.07763671875 0.09244791666666667
17 0.4931640625 0.7708333333333334 0.408203125 0.3984375
10 0.462646484375 0.5530598958333334 0.02587890625 0.076171875
10 0.391357421875 0.5458984375 0.02587890625 0.060546875
7 0.38818359375 0.6643880208333334 0.048828125 0.17252604166666666
4 0.588623046875 0.7350260416666666 0.05029296875 0.07421875
5 0.633544921875 0.69921875 0.05126953125 0.09635416666666667
2 0.46044921875 0.775390625 0.07421875 0.044270833333333336
5 0.451416015625 0.6510416666666666 0.04833984375 0.06380208333333333
13 0.489501953125 0.6468098958333334 0.03662109375 0.057942708333333336
14 0.5810546875 0.6708984375 0.041015625 0.056640625
6 0.45703125 0.6057942708333334 0.025390625 0.035807291666666664
6 0.635986328125 0.6373697916666666 0.07373046875 0.026041666666666668
2 0.615966796875 0.6363932291666666 0.07177734375 0.047526041666666664
0 0.3642578125 0.7639973958333334 0.046875 0.09440104166666667
16 0.509033203125 0.7291666666666666 0.02685546875 0.045572916666666664
