10 0.125244140625 0.6155598958333334 0.06787109375 0.16731770833333334
7 0.5771484375 0.2412109375 0.0576171875 0.14127604166666666
9 0.6416015625 0.2965494791666667 0.0732421875 0.15169270833333334
12 0.364013671875 0.2858072916666667 0.05908203125 0.234375
8 0.202880859375 0.7477213541666666 0.19482421875 0.119140625
13 0.87939453125 0.8011067708333334 0.0595703125 0.09049479166666667
10 0.54296875 0.4306640625 0.0517578125 0.201171875
6 0.838134765625 0.7041015625 0.09130859375 0.030598958333333332
16 0.847412109375 0.7340494791666666 0.04833984375 0.054036458333333336
12 0.2333984375 0.9384765625 0.0810546875 0.123046875
4 0.216064453125 0.5377604166666666 0.03662109375 0.036458333333333336
14 0.9052734375 0.7301432291666666 0.0654296875 0.061848958333333336
14 0.1201171875 0.86328125 0.0849609375 0.109375
11 0.2822265625 0.38671875 0.0732421875 0.1640625
10 0.3525390625 0.46875 0.0595703125 0.13802083333333334
10 0.47119140625 0.2805989583333333 0.068359375 0.28515625
5 0.6337890625 0.423828125 0.0908203125 0.12369791666666667
0 0.69384765625 0.47265625 0.0546875 0.11458333333333333
0 0.7021484375 0.408203125 0.0556640625 0.02734375
0 0.53662109375 0.3229166666666667 0.138671875 0.036458333333333336
9 0.32275390625 0.3815104166666667 0.02734375 0.11979166666666667
10 0.9306640625 0.8235677083333334 0.1142578125 0.22786458333333334
7 0.05078125 0.7565104166666666 0.1005859375 0.22395833333333334
7 0.08935546875 0.7395833333333334 0.064453125 0.125
12 0.3291015625 0.689453125 0.0576171875 0.16536458333333334
15 0.24609375 0.65625 0.0869140625 0.059895833333333336
17 0.52685546875 0.37109375 0.55859375 0.46875
