10 0.361083984375 0.6399739583333334 0.04150390625 0.1640625
6 0.550537109375 0.6087239583333334 0.06201171875 0.048177083333333336
5 0.4541015625 0.7317708333333334 0.0595703125 0.09765625
17 0.45068359375 0.68359375 0.408203125 0.4270833333333333
9 0.579833984375 0.6455078125 0.03466796875 0.076171875
5 0.4541015625 0.6005859375 0.03515625 0.08268229166666667
10 0.46337890625 0.5315755208333334 0.029296875 0.050130208333333336
7 0.40478515625 0.5465494791666666 0.0380859375 0.138671875
2 0.380615234375 0.591796875 0.04052734375 0.0625
10 0.478515625 0.6842447916666666 0.0439453125 0.0703125
13 0.493408203125 0.6178385416666666 0.03955078125 0.0546875
16 0.41943359375 0.6640625 0.0419921875 0.037760416666666664
2 0.533935546875 0.7115885416666666 0.07861328125 0.0859375
