10 0.12548828125 0.615234375 0.0673828125 0.16666666666666666
9 0.672607421875 0.4280598958333333 0.06591796875 0.12955729166666666
6 0.836669921875 0.7096354166666666 0.08935546875 0.040364583333333336
8 0.19970703125 0.7506510416666666 0.2109375 0.11848958333333333
10 0.052734375 0.7571614583333334 0.1044921875 0.2526041666666667
16 0.64111328125 0.3570963541666667 0.0380859375 0.033203125
14 0.404052734375 0.3173828125 0.06982421875 0.08528645833333333
14 0.905029296875 0.7314453125 0.06396484375 0.060546875
11 0.714111328125 0.3798828125 0.06201171875 0.15559895833333334
12 0.23046875 0.9378255208333334 0.0810546875 0.12434895833333333
10 0.93359375 0.8235677083333334 0.1123046875 0.22265625
13 0.87939453125 0.7994791666666666 0.06640625 0.0859375
1 0.5439453125 0.5247395833333334 0.2822265625 0.049479166666666664
8 0.400390625 0.46484375 0.2548828125 0.1796875
11 0.30078125 0.4010416666666667 0.0576171875 0.06510416666666667
12 0.59423828125 0.3424479166666667 0.0625 0.296875
10 0.51611328125 0.2962239583333333 0.078125 0.30078125
4 0.21484375 0.537109375 0.0478515625 0.045572916666666664
15 0.24609375 0.6627604166666666 0.0966796875 0.057291666666666664
12 0.330078125 0.6927083333333334 0.0595703125 0.18489583333333334
17 0.53515625 0.3919270833333333 0.5341796875 0.4114583333333333
