10 0.124755859375 0.6155598958333334 0.06689453125 0.16731770833333334
9 0.375244140625 0.3255208333333333 0.04638671875 0.10026041666666667
6 0.837890625 0.7099609375 0.091796875 0.041015625
8 0.201171875 0.7490234375 0.2001953125 0.126953125
7 0.0546875 0.7591145833333334 0.1083984375 0.22395833333333334
12 0.630126953125 0.2701822916666667 0.05419921875 0.20703125
12 0.231201171875 0.9381510416666666 0.07470703125 0.12369791666666667
10 0.45361328125 0.4446614583333333 0.1328125 0.06901041666666667
0 0.44140625 0.2854817708333333 0.05078125 0.055338541666666664
8 0.62890625 0.4440104166666667 0.2080078125 0.15885416666666666
11 0.44287109375 0.5110677083333334 0.09765625 0.09505208333333333
0 0.310546875 0.466796875 0.1123046875 0.05078125
0 0.3046875 0.41015625 0.0419921875 0.078125
13 0.37060546875 0.41015625 0.0703125 0.08854166666666667
14 0.443359375 0.3606770833333333 0.0888671875 0.11197916666666667
10 0.552734375 0.2565104166666667 0.0712890625 0.23958333333333334
1 0.681640625 0.4108072916666667 0.0283203125 0.07942708333333333
12 0.3251953125 0.6953125 0.0576171875 0.18489583333333334
15 0.24755859375 0.65625 0.087890625 0.0546875
4 0.21630859375 0.5390625 0.044921875 0.0546875
11 0.44189453125 0.5091145833333334 0.1015625 0.08854166666666667
13 0.88232421875 0.7942708333333334 0.0625 0.09114583333333333
10 0.9345703125 0.8248697916666666 0.1025390625 0.23828125
14 0.90673828125 0.734375 0.064453125 0.06510416666666667
17 0.52490234375 0.3977864583333333 0.52734375 0.41015625
