7 0.35546875 0.2926432291666667 0.0703125 0.19856770833333334
10 0.12548828125 0.6155598958333334 0.0673828125 0.16731770833333334
9 0.671630859375 0.4293619791666667 0.06396484375 0.12434895833333333
8 0.205810546875 0.7529296875 0.18896484375 0.12825520833333334
9 0.46875 0.22102864583333334 0.0498046875 0.099609375
4 0.216064453125 0.5374348958333334 0.03564453125 0.037109375
13 0.877197265625 0.8017578125 0.05908203125 0.091796875
12 0.59375 0.3427734375 0.0673828125 0.2923177083333333
16 0.84765625 0.7337239583333334 0.046875 0.052083333333333336
6 0.839599609375 0.7044270833333334 0.09228515625 0.029947916666666668
14 0.904541015625 0.7301432291666666 0.06494140625 0.060546875
12 0.232177734375 0.9384765625 0.08056640625 0.123046875
11 0.714111328125 0.3828125 0.06298828125 0.16276041666666666
14 0.904541015625 0.7294921875 0.06591796875 0.061848958333333336
1 0.546142578125 0.5231119791666666 0.29638671875 0.050130208333333336
8 0.4033203125 0.4547526041666667 0.2470703125 0.16861979166666666
11 0.300048828125 0.4016927083333333 0.06494140625 0.0546875
2 0.422607421875 0.33984375 0.06689453125 0.06901041666666667
10 0.512451171875 0.2887369791666667 0.06689453125 0.291015625
5 0.46533203125 0.3199869791666667 0.046875 0.087890625
10 0.9326171875 0.8268229166666666 0.1044921875 0.23046875
14 0.12255859375 0.8665364583333334 0.0966796875 0.12369791666666667
7 0.05029296875 0.7516276041666666 0.099609375 0.21028645833333334
7 0.0908203125 0.7431640625 0.064453125 0.12565104166666666
15 0.24267578125 0.6575520833333334 0.095703125 0.045572916666666664
12 0.326904296875 0.6995442708333334 0.05712890625 0.16861979166666666
17 0.513427734375 0.3883463541666667 0.51318359375 0.4134114583333333
