0 0.586669921875 0.5638020833333334 0.05517578125 0.05859375
1 0.521484375 0.5843098958333334 0.0654296875 0.021484375
1 0.29296875 0.5732421875 0.0126953125 0.012369791666666666
4 0.584716796875 0.544921875 0.03173828125 0.040364583333333336
5 0.511962890625 0.5279947916666666 0.04931640625 0.09114583333333333
9 0.55322265625 0.529296875 0.041015625 0.11197916666666667
10 0.4345703125 0.494140625 0.04296875 0.12630208333333334
10 0.4775390625 0.5006510416666666 0.146484375 0.08984375
10 0.373291015625 0.5390625 0.07177734375 0.032552083333333336
10 0.484130859375 0.5511067708333334 0.05908203125 0.047526041666666664
12 0.41845703125 0.5875651041666666 0.1689453125 0.068359375
14 0.49951171875 0.4580078125 0.0498046875 0.022786458333333332
16 0.47265625 0.6083984375 0.0595703125 0.046223958333333336
17 0.474609375 0.5709635416666666 0.40234375 0.32421875
