10 0.124755859375 0.6155598958333334 0.06689453125 0.166015625
9 0.581787109375 0.4212239583333333 0.06591796875 0.16276041666666666
6 0.83740234375 0.7099609375 0.0908203125 0.041015625
12 0.373046875 0.2841796875 0.05859375 0.236328125
10 0.322265625 0.4671223958333333 0.0830078125 0.12955729166666666
8 0.199462890625 0.7454427083333334 0.21337890625 0.12369791666666667
1 0.466552734375 0.4856770833333333 0.16845703125 0.13411458333333334
13 0.634765625 0.3795572916666667 0.0546875 0.10416666666666667
14 0.58544921875 0.3059895833333333 0.0673828125 0.0703125
12 0.231689453125 0.9381510416666666 0.08154296875 0.12369791666666667
14 0.905517578125 0.7320963541666666 0.06494140625 0.060546875
13 0.8818359375 0.8030598958333334 0.0556640625 0.091796875
10 0.9306640625 0.822265625 0.1103515625 0.23046875
0 0.67724609375 0.4869791666666667 0.078125 0.11458333333333333
0 0.69873046875 0.419921875 0.080078125 0.04296875
16 0.4072265625 0.5110677083333334 0.0869140625 0.07942708333333333
10 0.451171875 0.427734375 0.0712890625 0.10286458333333333
10 0.45556640625 0.263671875 0.0625 0.24869791666666666
5 0.515625 0.4029947916666667 0.0634765625 0.14713541666666666
0 0.52783203125 0.3248697916666667 0.10546875 0.048177083333333336
11 0.279296875 0.3665364583333333 0.0732421875 0.15234375
9 0.32080078125 0.3626302083333333 0.0390625 0.10026041666666667
7 0.0927734375 0.740234375 0.0498046875 0.12630208333333334
7 0.05322265625 0.7552083333333334 0.10546875 0.2265625
15 0.24853515625 0.6569010416666666 0.087890625 0.05078125
12 0.3310546875 0.693359375 0.0615234375 0.18098958333333334
4 0.21728515625 0.5358072916666666 0.04296875 0.04296875
17 0.50390625 0.4368489583333333 0.5087890625 0.36328125
