10 0.799072265625 0.7923177083333334 0.04638671875 0.171875
10 0.2275390625 0.6481119791666666 0.0400390625 0.126953125
8 0.712158203125 0.734375 0.08837890625 0.13411458333333334
9 0.33740234375 0.5240885416666666 0.0419921875 0.08333333333333333
4 0.87646484375 0.9446614583333334 0.052734375 0.06510416666666667
10 0.83447265625 0.7438151041666666 0.0419921875 0.17252604166666666
6 0.251220703125 0.7220052083333334 0.04541015625 0.02734375
7 0.759033203125 0.9518229166666666 0.12939453125 0.09635416666666667
8 0.53515625 0.5462239583333334 0.1630859375 0.10026041666666667
7 0.767578125 0.6949869791666666 0.044921875 0.14908854166666666
11 0.257568359375 0.5983072916666666 0.03955078125 0.08333333333333333
13 0.35546875 0.5758463541666666 0.0517578125 0.076171875
14 0.422119140625 0.525390625 0.05810546875 0.08072916666666667
11 0.452392578125 0.6256510416666666 0.06884765625 0.05859375
0 0.347412109375 0.6129557291666666 0.08544921875 0.033203125
14 0.27001953125 0.6787109375 0.04296875 0.052734375
9 0.5302734375 0.4827473958333333 0.03515625 0.043619791666666664
11 0.501708984375 0.462890625 0.03955078125 0.07552083333333333
12 0.618408203125 0.8860677083333334 0.04150390625 0.18880208333333334
17 0.458984375 0.5572916666666666 0.373046875 0.24609375
