0 0.5146484375 0.3600260416666667 0.138671875 0.11067708333333333
0 0.23388671875 0.3824869791666667 0.0751953125 0.08919270833333333
0 0.442138671875 0.4736328125 0.15380859375 0.14388020833333334
1 0.655517578125 0.3837890625 0.06591796875 0.043619791666666664
2 0.23486328125 0.4020182291666667 0.162109375 0.10872395833333333
4 0.290283203125 0.4967447916666667 0.11474609375 0.08854166666666667
5 0.541259765625 0.4352213541666667 0.12353515625 0.138671875
6 0.6298828125 0.4342447916666667 0.076171875 0.040364583333333336
7 0.466064453125 0.22786458333333334 0.07470703125 0.2734375
9 0.190673828125 0.3336588541666667 0.14306640625 0.11002604166666667
10 0.350830078125 0.3092447916666667 0.14111328125 0.09114583333333333
10 0.37109375 0.3863932291666667 0.142578125 0.072265625
11 0.6181640625 0.5393880208333334 0.12109375 0.095703125
12 0.558349609375 0.341796875 0.14501953125 0.13802083333333334
12 0.319580078125 0.27734375 0.13818359375 0.10416666666666667
13 0.4501953125 0.4775390625 0.10546875 0.13736979166666666
14 0.219970703125 0.345703125 0.10791015625 0.09505208333333333
17 0.43017578125 0.4830729166666667 0.720703125 0.8216145833333334
