0 0.48681640625 0.4169921875 0.1591796875 0.15950520833333334
1 0.565673828125 0.228515625 0.03466796875 0.08072916666666667
2 0.5576171875 0.21940104166666666 0.0712890625 0.09505208333333333
7 0.437255859375 0.24251302083333334 0.10107421875 0.251953125
8 0.502685546875 0.1455078125 0.13623046875 0.09309895833333333
9 0.51318359375 0.23209635416666666 0.048828125 0.07096354166666667
10 0.6748046875 0.3557942708333333 0.1240234375 0.076171875
10 0.58935546875 0.22233072916666666 0.0478515625 0.10091145833333333
10 0.559814453125 0.17805989583333334 0.04052734375 0.11653645833333333
11 0.62548828125 0.3001302083333333 0.0546875 0.08333333333333333
14 0.52880859375 0.39453125 0.0869140625 0.12109375
15 0.605712890625 0.3219401041666667 0.05126953125 0.17513020833333334
17 0.510498046875 0.3225911458333333 0.48974609375 0.5423177083333334
