9 0.229248046875 0.4983723958333333 0.05029296875 0.11653645833333333
10 0.60302734375 0.7418619791666666 0.0537109375 0.16080729166666666
10 0.6376953125 0.7014973958333334 0.033203125 0.16861979166666666
8 0.529296875 0.6787109375 0.0830078125 0.12174479166666667
7 0.58984375 0.6256510416666666 0.046875 0.10286458333333333
16 0.10107421875 0.5061848958333334 0.0458984375 0.052734375
13 0.365966796875 0.5250651041666666 0.06103515625 0.083984375
10 0.013671875 0.5631510416666666 0.0263671875 0.15494791666666666
10 0.047119140625 0.5071614583333334 0.03662109375 0.10026041666666667
14 0.05517578125 0.5983072916666666 0.0478515625 0.06380208333333333
4 0.65966796875 0.869140625 0.0458984375 0.061197916666666664
7 0.563720703125 0.9134114583333334 0.12158203125 0.14713541666666666
12 0.43505859375 0.8349609375 0.0361328125 0.17643229166666666
12 0.14892578125 0.4651692708333333 0.0634765625 0.099609375
11 0.1728515625 0.3929036458333333 0.0341796875 0.09309895833333333
14 0.249267578125 0.4195963541666667 0.13623046875 0.119140625
9 0.21435546875 0.4049479166666667 0.0390625 0.048177083333333336
5 0.27099609375 0.4742838541666667 0.04296875 0.10091145833333333
0 0.26025390625 0.5745442708333334 0.15625 0.043619791666666664
0 0.42626953125 0.5260416666666666 0.0517578125 0.045572916666666664
0 0.38720703125 0.5514322916666666 0.0615234375 0.061197916666666664
14 0.367431640625 0.4462890625 0.06787109375 0.09049479166666667
11 0.447265625 0.5032552083333334 0.05078125 0.05078125
6 0.032470703125 0.6402994791666666 0.06005859375 0.026692708333333332
17 0.281494140625 0.5065104166666666 0.42822265625 0.2643229166666667
