0 0.50927734375 0.4306640625 0.125 0.043619791666666664
1 0.61767578125 0.568359375 0.251953125 0.22526041666666666
5 0.482177734375 0.3701171875 0.07861328125 0.126953125
5 0.215576171875 0.4449869791666667 0.11767578125 0.15559895833333334
6 0.371826171875 0.5771484375 0.07568359375 0.107421875
7 0.557861328125 0.2649739583333333 0.08935546875 0.3111979166666667
8 0.34716796875 0.4501953125 0.2236328125 0.3365885416666667
8 0.341064453125 0.2708333333333333 0.20556640625 0.14322916666666666
9 0.182861328125 0.3037109375 0.09228515625 0.138671875
10 0.264404296875 0.357421875 0.08447265625 0.07421875
10 0.484130859375 0.2913411458333333 0.07958984375 0.06575520833333333
11 0.149169921875 0.533203125 0.09716796875 0.1328125
12 0.51806640625 0.4886067708333333 0.248046875 0.19596354166666666
17 0.36474609375 0.5231119791666666 0.728515625 0.8587239583333334
