10 0.4990234375 0.9254557291666666 0.060546875 0.14908854166666666
10 0.60498046875 0.8873697916666666 0.078125 0.22526041666666666
17 0.807373046875 0.5927734375 0.38134765625 0.408203125
14 0.9443359375 0.4772135416666667 0.0771484375 0.08072916666666667
12 0.55810546875 0.8899739583333334 0.0478515625 0.21614583333333334
8 0.846923828125 0.4446614583333333 0.13916015625 0.10416666666666667
5 0.817138671875 0.5973307291666666 0.08642578125 0.146484375
6 0.83349609375 0.5276692708333334 0.037109375 0.107421875
2 0.814208984375 0.5009765625 0.10400390625 0.06315104166666667
13 0.93212890625 0.5660807291666666 0.0830078125 0.095703125
3 0.956787109375 0.6673177083333334 0.08642578125 0.11458333333333333
