7 0.357421875 0.2835286458333333 0.0673828125 0.18815104166666666
10 0.124755859375 0.6155598958333334 0.06787109375 0.16731770833333334
9 0.659423828125 0.44140625 0.06884765625 0.13151041666666666
8 0.198974609375 0.7532552083333334 0.20068359375 0.12630208333333334
2 0.43505859375 0.3470052083333333 0.080078125 0.08203125
12 0.231689453125 0.9384765625 0.08154296875 0.123046875
13 0.881591796875 0.8030598958333334 0.05615234375 0.09049479166666667
14 0.90478515625 0.7307942708333334 0.0654296875 0.06315104166666667
14 0.119384765625 0.8636067708333334 0.08447265625 0.10872395833333333
16 0.84716796875 0.7356770833333334 0.0439453125 0.05078125
12 0.57470703125 0.357421875 0.078125 0.30859375
10 0.509765625 0.2936197916666667 0.0712890625 0.3033854166666667
8 0.38818359375 0.4498697916666667 0.248046875 0.18619791666666666
11 0.71337890625 0.4010416666666667 0.05078125 0.18229166666666666
1 0.51708984375 0.5299479166666666 0.306640625 0.049479166666666664
12 0.328125 0.6946614583333334 0.0615234375 0.17838541666666666
4 0.216796875 0.5377604166666666 0.0439453125 0.0546875
15 0.25 0.658203125 0.0888671875 0.05859375
17 0.54248046875 0.396484375 0.546875 0.4544270833333333
10 0.92919921875 0.8229166666666666 0.107421875 0.22395833333333334
7 0.0546875 0.751953125 0.1064453125 0.22265625
7 0.09326171875 0.7428385416666666 0.0703125 0.12369791666666667
6 0.83349609375 0.6998697916666666 0.080078125 0.04296875
