0 0.3486328125 0.2711588541666667 0.1181640625 0.039713541666666664
1 0.529296875 0.3414713541666667 0.2177734375 0.022786458333333332
2 0.61962890625 0.3694661458333333 0.107421875 0.107421875
7 0.4130859375 0.14225260416666666 0.193359375 0.10481770833333333
8 0.599609375 0.2666015625 0.1259765625 0.12825520833333334
9 0.5185546875 0.291015625 0.05078125 0.1328125
9 0.47705078125 0.3382161458333333 0.056640625 0.11263020833333333
9 0.407958984375 0.22493489583333334 0.05615234375 0.08528645833333333
10 0.569580078125 0.3499348958333333 0.06005859375 0.150390625
10 0.646728515625 0.3388671875 0.10595703125 0.060546875
10 0.453125 0.2672526041666667 0.0849609375 0.076171875
11 0.579345703125 0.4459635416666667 0.09521484375 0.07682291666666667
14 0.394287109375 0.3216145833333333 0.08056640625 0.10286458333333333
15 0.491943359375 0.3782552083333333 0.16357421875 0.10677083333333333
10 0.523681640625 0.5022786458333334 0.09326171875 0.18424479166666666
17 0.50537109375 0.3434244791666667 0.462890625 0.5436197916666666
