1 0.531982421875 0.5921223958333334 0.03564453125 0.08658854166666667
2 0.301513671875 0.5520833333333334 0.08349609375 0.044270833333333336
4 0.268310546875 0.5891927083333334 0.03759765625 0.03515625
5 0.351806640625 0.5924479166666666 0.06884765625 0.0703125
6 0.4306640625 0.6171875 0.08203125 0.037760416666666664
7 0.455810546875 0.5009765625 0.04150390625 0.15559895833333334
10 0.398193359375 0.5403645833333334 0.09130859375 0.053385416666666664
11 0.333984375 0.6357421875 0.0693359375 0.051432291666666664
12 0.470947265625 0.5771484375 0.06689453125 0.07356770833333333
13 0.302490234375 0.5888671875 0.04345703125 0.064453125
14 0.30029296875 0.5279947916666666 0.0556640625 0.045572916666666664
17 0.3701171875 0.5882161458333334 0.44921875 0.3782552083333333
