10 0.125 0.6158854166666666 0.068359375 0.16666666666666666
12 0.627685546875 0.2659505208333333 0.05712890625 0.201171875
8 0.2080078125 0.7503255208333334 0.197265625 0.11783854166666667
7 0.471923828125 0.3551432291666667 0.07373046875 0.267578125
13 0.878662109375 0.8014322916666666 0.05712890625 0.08984375
11 0.45556640625 0.5126953125 0.0888671875 0.08268229166666667
7 0.0517578125 0.767578125 0.1025390625 0.23828125
10 0.390625 0.3014322916666667 0.037109375 0.13802083333333334
16 0.847412109375 0.7333984375 0.04736328125 0.052734375
9 0.33837890625 0.2620442708333333 0.0595703125 0.130859375
6 0.83837890625 0.7044270833333334 0.091796875 0.03125
14 0.11962890625 0.8626302083333334 0.0849609375 0.10807291666666667
12 0.23193359375 0.9381510416666666 0.080078125 0.12369791666666667
14 0.90478515625 0.7301432291666666 0.06640625 0.06315104166666667
10 0.90478515625 0.7301432291666666 0.0654296875 0.061848958333333336
4 0.216064453125 0.5384114583333334 0.03662109375 0.041666666666666664
0 0.33984375 0.47265625 0.15625 0.055989583333333336
0 0.298095703125 0.4130859375 0.03271484375 0.087890625
2 0.37890625 0.4169921875 0.0966796875 0.10611979166666667
8 0.630859375 0.4254557291666667 0.224609375 0.150390625
10 0.525390625 0.279296875 0.056640625 0.3072916666666667
11 0.590576171875 0.2955729166666667 0.02587890625 0.13411458333333334
5 0.344970703125 0.3707682291666667 0.06884765625 0.09830729166666667
10 0.934814453125 0.8232421875 0.10302734375 0.228515625
12 0.327880859375 0.6953125 0.06103515625 0.1796875
15 0.2451171875 0.6595052083333334 0.0947265625 0.052083333333333336
17 0.53466796875 0.3951822916666667 0.5478515625 0.51953125
