0 0.42041015625 0.2985026041666667 0.0419921875 0.072265625
0 0.304931640625 0.4830729166666667 0.09228515625 0.07552083333333333
0 0.445068359375 0.521484375 0.16357421875 0.045572916666666664
2 0.430908203125 0.4498697916666667 0.11962890625 0.11979166666666667
4 0.42333984375 0.3570963541666667 0.0634765625 0.10481770833333333
4 0.3505859375 0.4150390625 0.08203125 0.115234375
7 0.5751953125 0.3515625 0.0634765625 0.2682291666666667
8 0.66796875 0.3857421875 0.13671875 0.11653645833333333
9 0.339599609375 0.2919921875 0.07763671875 0.158203125
10 0.510009765625 0.2779947916666667 0.06689453125 0.28515625
11 0.60693359375 0.5052083333333334 0.0869140625 0.0859375
12 0.57275390625 0.18815104166666666 0.0439453125 0.078125
17 0.52978515625 0.3753255208333333 0.5654296875 0.5110677083333334
