10 0.124755859375 0.6155598958333334 0.06787109375 0.16731770833333334
7 0.375 0.2672526041666667 0.0625 0.17122395833333334
9 0.601806640625 0.466796875 0.06689453125 0.140625
8 0.19970703125 0.7513020833333334 0.197265625 0.125
10 0.626220703125 0.3118489583333333 0.04345703125 0.13671875
12 0.23193359375 0.9384765625 0.0810546875 0.123046875
13 0.880859375 0.8030598958333334 0.056640625 0.08919270833333333
6 0.833984375 0.7041015625 0.083984375 0.031901041666666664
1 0.43798828125 0.5266927083333334 0.287109375 0.06640625
14 0.904296875 0.7307942708333334 0.0654296875 0.061848958333333336
8 0.35400390625 0.4231770833333333 0.208984375 0.13802083333333334
12 0.517578125 0.359375 0.0673828125 0.2994791666666667
10 0.4931640625 0.28515625 0.0615234375 0.2994791666666667
11 0.669921875 0.4212239583333333 0.0634765625 0.19661458333333334
0 0.56787109375 0.283203125 0.060546875 0.02734375
2 0.45068359375 0.3372395833333333 0.048828125 0.09114583333333333
9 0.5439453125 0.224609375 0.0458984375 0.11328125
5 0.56591796875 0.349609375 0.037109375 0.11067708333333333
17 0.50390625 0.3782552083333333 0.5068359375 0.4518229166666667
14 0.125 0.86328125 0.1025390625 0.11979166666666667
17 0.04833984375 0.7649739583333334 0.095703125 0.23307291666666666
7 0.09130859375 0.7408854166666666 0.048828125 0.12760416666666666
15 0.2470703125 0.654296875 0.0869140625 0.061197916666666664
4 0.21630859375 0.5390625 0.0390625 0.049479166666666664
12 0.32861328125 0.69140625 0.056640625 0.18229166666666666
10 0.93359375 0.822265625 0.1103515625 0.22526041666666666
16 0.84619140625 0.736328125 0.060546875 0.06380208333333333
