10 0.60498046875 0.6383463541666666 0.02734375 0.09049479166666667
10 0.339599609375 0.5696614583333334 0.03271484375 0.09635416666666667
2 0.326416015625 0.6458333333333334 0.06689453125 0.0703125
5 0.496826171875 0.6956380208333334 0.05322265625 0.09309895833333333
17 0.396484375 0.6959635416666666 0.3623046875 0.3541666666666667
9 0.5009765625 0.5846354166666666 0.0283203125 0.057291666666666664
13 0.474365234375 0.6100260416666666 0.03759765625 0.040364583333333336
12 0.4189453125 0.5986328125 0.0390625 0.16080729166666666
10 0.597412109375 0.5667317708333334 0.02001953125 0.052734375
6 0.37841796875 0.5709635416666666 0.037109375 0.0546875
10 0.558837890625 0.5823567708333334 0.02490234375 0.091796875
7 0.302490234375 0.5856119791666666 0.04345703125 0.14127604166666666
2 0.330322265625 0.697265625 0.06787109375 0.0390625
4 0.44091796875 0.7125651041666666 0.029296875 0.072265625
5 0.3779296875 0.6175130208333334 0.03515625 0.07747395833333333
0 0.278564453125 0.6673177083333334 0.02783203125 0.07161458333333333
14 0.468994140625 0.6539713541666666 0.04248046875 0.054036458333333336
14 0.530517578125 0.6350911458333334 0.04150390625 0.052734375
