0 0.52734375 0.3313802083333333 0.1279296875 0.06901041666666667
0 0.473876953125 0.5647786458333334 0.18896484375 0.091796875
0 0.64599609375 0.5804036458333334 0.12109375 0.09830729166666667
0 0.726806640625 0.5413411458333334 0.03955078125 0.099609375
1 0.39892578125 0.4635416666666667 0.0859375 0.048177083333333336
5 0.521728515625 0.4065755208333333 0.07177734375 0.134765625
8 0.772705078125 0.3909505208333333 0.16943359375 0.12434895833333333
9 0.4619140625 0.4348958333333333 0.080078125 0.16927083333333334
9 0.56201171875 0.3323567708333333 0.041015625 0.09309895833333333
10 0.44189453125 0.3561197916666667 0.09765625 0.06901041666666667
10 0.615966796875 0.2897135416666667 0.07763671875 0.2942708333333333
10 0.6982421875 0.4814453125 0.12109375 0.099609375
10 0.664306640625 0.4270833333333333 0.12158203125 0.055989583333333336
11 0.511474609375 0.2819010416666667 0.06005859375 0.08854166666666667
11 0.792236328125 0.517578125 0.10107421875 0.10286458333333333
13 0.609130859375 0.49609375 0.07666015625 0.12109375
14 0.6611328125 0.3951822916666667 0.0888671875 0.11328125
16 0.395751953125 0.4036458333333333 0.03662109375 0.061197916666666664
17 0.620361328125 0.4378255208333333 0.63232421875 0.6178385416666666
