0 0.402099609375 0.4244791666666667 0.11083984375 0.08854166666666667
1 0.548583984375 0.3561197916666667 0.17724609375 0.06640625
2 0.601318359375 0.3313802083333333 0.09716796875 0.08072916666666667
3 0.554443359375 0.4736328125 0.22412109375 0.2975260416666667
7 0.39990234375 0.2926432291666667 0.11328125 0.154296875
9 0.524169921875 0.40625 0.06201171875 0.10546875
9 0.415283203125 0.3714192708333333 0.05712890625 0.095703125
10 0.498291015625 0.3522135416666667 0.12744140625 0.06901041666666667
10 0.6220703125 0.4654947916666667 0.0849609375 0.1171875
10 0.625 0.2932942708333333 0.0625 0.072265625
10 0.58642578125 0.3580729166666667 0.04296875 0.13020833333333334
11 0.6201171875 0.4104817708333333 0.07421875 0.06575520833333333
14 0.4599609375 0.4378255208333333 0.0673828125 0.09049479166666667
17 0.50244140625 0.3971354166666667 0.453125 0.4244791666666667
