7 0.586669921875 0.490234375 0.03759765625 0.11588541666666667
10 0.637451171875 0.5260416666666666 0.02880859375 0.08333333333333333
6 0.67236328125 0.611328125 0.0791015625 0.03125
2 0.52978515625 0.5065104166666666 0.0517578125 0.046875
5 0.591796875 0.5491536458333334 0.0361328125 0.07356770833333333
10 0.48291015625 0.5123697916666666 0.03125 0.11328125
9 0.63037109375 0.6409505208333334 0.0400390625 0.080078125
4 0.656005859375 0.5849609375 0.04248046875 0.037109375
12 0.441650390625 0.9088541666666666 0.03369140625 0.13671875
7 0.52783203125 0.9479166666666666 0.0390625 0.10416666666666667
17 0.562744140625 0.6051432291666666 0.36767578125 0.3365885416666667
2 0.53076171875 0.5445963541666666 0.0556640625 0.031901041666666664
5 0.47998046875 0.6110026041666666 0.0439453125 0.07486979166666667
2 0.540771484375 0.6442057291666666 0.06982421875 0.072265625
6 0.520751953125 0.6315104166666666 0.06982421875 0.041666666666666664
13 0.607421875 0.5823567708333334 0.0361328125 0.056640625
14 0.5361328125 0.5953776041666666 0.05078125 0.035807291666666664
