6 0.41650390625 0.4638671875 0.0986328125 0.061848958333333336
10 0.146484375 0.7916666666666666 0.0400390625 0.18619791666666666
10 0.193603515625 0.8248697916666666 0.06591796875 0.17838541666666666
10 0.314453125 0.8570963541666666 0.0732421875 0.248046875
7 0.645263671875 0.380859375 0.05419921875 0.21484375
10 0.556640625 0.4290364583333333 0.0439453125 0.1640625
13 0.497314453125 0.4153645833333333 0.05322265625 0.0703125
11 0.39697265625 0.3896484375 0.044921875 0.08268229166666667
16 0.591552734375 0.4033203125 0.02978515625 0.033203125
13 0.240966796875 0.8209635416666666 0.05322265625 0.07942708333333333
17 0.560791015625 0.4303385416666667 0.43115234375 0.390625
13 0.497314453125 0.4150390625 0.05322265625 0.068359375
4 0.47119140625 0.4713541666666667 0.064453125 0.057291666666666664
6 0.463134765625 0.3255208333333333 0.02587890625 0.06640625
2 0.459228515625 0.3626302083333333 0.07080078125 0.06380208333333333
5 0.2060546875 0.9391276041666666 0.099609375 0.11393229166666667
