0 0.4130859375 0.4410807291666667 0.109375 0.068359375
1 0.37158203125 0.6728515625 0.326171875 0.2779947916666667
5 0.50634765625 0.4300130208333333 0.056640625 0.15559895833333334
6 0.2958984375 0.4625651041666667 0.0517578125 0.056640625
7 0.550537109375 0.3935546875 0.11474609375 0.4498697916666667
8 0.353271484375 0.3515625 0.27099609375 0.20963541666666666
8 0.563232421875 0.2727864583333333 0.21240234375 0.203125
10 0.65771484375 0.3815104166666667 0.0966796875 0.049479166666666664
10 0.64404296875 0.5286458333333334 0.0927734375 0.2721354166666667
10 0.726806640625 0.4954427083333333 0.08935546875 0.2526041666666667
10 0.482421875 0.3111979166666667 0.048828125 0.10546875
12 0.4287109375 0.5299479166666666 0.24609375 0.24088541666666666
17 0.414794921875 0.5611979166666666 0.82177734375 0.8385416666666666
