1 0.38330078125 0.6067708333333334 0.0283203125 0.07291666666666667
2 0.665283203125 0.5771484375 0.08642578125 0.051432291666666664
5 0.53125 0.5432942708333334 0.0458984375 0.064453125
7 0.483154296875 0.5416666666666666 0.06103515625 0.19921875
9 0.684326171875 0.6168619791666666 0.08642578125 0.07096354166666667
10 0.5712890625 0.5966796875 0.1015625 0.037109375
10 0.580810546875 0.5696614583333334 0.06591796875 0.032552083333333336
12 0.442138671875 0.5791015625 0.04443359375 0.08919270833333333
12 0.569580078125 0.6399739583333334 0.15283203125 0.08203125
13 0.578369140625 0.5481770833333334 0.04248046875 0.048177083333333336
14 0.664306640625 0.5559895833333334 0.05810546875 0.049479166666666664
16 0.646240234375 0.6477864583333334 0.04736328125 0.044270833333333336
17 0.501953125 0.5872395833333334 0.44140625 0.39453125
