7 0.145751953125 0.6272786458333334 0.07373046875 0.13606770833333334
10 0.626708984375 0.4127604166666667 0.05029296875 0.19661458333333334
12 0.4794921875 0.2659505208333333 0.0546875 0.18815104166666666
8 0.1943359375 0.7447916666666666 0.2060546875 0.13411458333333334
13 0.383544921875 0.4000651041666667 0.06298828125 0.087890625
10 0.449951171875 0.4921875 0.10791015625 0.1171875
14 0.904052734375 0.7298177083333334 0.06494140625 0.059895833333333336
16 0.8466796875 0.734375 0.044921875 0.052083333333333336
7 0.04541015625 0.7565104166666666 0.08984375 0.21354166666666666
6 0.838623046875 0.705078125 0.09130859375 0.032552083333333336
2 0.6025390625 0.3004557291666667 0.072265625 0.09700520833333333
5 0.663818359375 0.388671875 0.03759765625 0.11067708333333333
13 0.87890625 0.8030598958333334 0.0576171875 0.08919270833333333
9 0.314453125 0.4182942708333333 0.068359375 0.12044270833333333
17 0.52880859375 0.3704427083333333 0.58203125 0.4596354166666667
7 0.45703125 0.4098307291666667 0.0654296875 0.107421875
2 0.330078125 0.3551432291666667 0.0908203125 0.07096354166666667
5 0.547119140625 0.3850911458333333 0.06689453125 0.14127604166666666
0 0.70849609375 0.4375 0.04296875 0.08333333333333333
3 0.518310546875 0.3134765625 0.22021484375 0.369140625
12 0.52685546875 0.24186197916666666 0.0517578125 0.16471354166666666
14 0.1201171875 0.8616536458333334 0.09765625 0.10481770833333333
12 0.326416015625 0.697265625 0.05419921875 0.16796875
7 0.09716796875 0.6389973958333334 0.0654296875 0.15950520833333334
10 0.931396484375 0.828125 0.10791015625 0.21614583333333334
