0 0.480712890625 0.46484375 0.05810546875 0.057291666666666664
1 0.548583984375 0.6725260416666666 0.46728515625 0.08463541666666667
5 0.55517578125 0.4104817708333333 0.1064453125 0.13216145833333334
6 0.337890625 0.5257161458333334 0.0751953125 0.10481770833333333
7 0.650634765625 0.341796875 0.10107421875 0.3802083333333333
8 0.366943359375 0.3876953125 0.30615234375 0.17903645833333334
8 0.497314453125 0.2555338541666667 0.18408203125 0.16080729166666666
10 0.562744140625 0.3395182291666667 0.08544921875 0.046223958333333336
10 0.750244140625 0.4072265625 0.11669921875 0.15299479166666666
10 0.734375 0.4700520833333333 0.103515625 0.13932291666666666
12 0.53466796875 0.5094401041666666 0.3310546875 0.14908854166666666
17 0.4208984375 0.5524088541666666 0.822265625 0.8313802083333334
