10 0.9521484375 0.6725260416666666 0.060546875 0.18359375
7 0.773681640625 0.4788411458333333 0.07470703125 0.13736979166666666
13 0.453125 0.4977213541666667 0.0595703125 0.072265625
17 0.6025390625 0.5120442708333334 0.5400390625 0.365234375
10 0.574462890625 0.5260416666666666 0.16552734375 0.1015625
10 0.33251953125 0.8919270833333334 0.103515625 0.21614583333333334
1 0.6552734375 0.59765625 0.20703125 0.033854166666666664
8 0.67041015625 0.458984375 0.1455078125 0.16015625
10 0.22509765625 0.9537760416666666 0.0732421875 0.09244791666666667
8 0.76123046875 0.3990885416666667 0.1484375 0.07552083333333333
6 0.496337890625 0.3636067708333333 0.10302734375 0.026692708333333332
6 0.57373046875 0.3795572916666667 0.0498046875 0.061197916666666664
0 0.823486328125 0.5706380208333334 0.16748046875 0.091796875
6 0.472412109375 0.5667317708333334 0.03857421875 0.09440104166666667
4 0.41748046875 0.4733072916666667 0.0546875 0.08333333333333333
5 0.495849609375 0.4156901041666667 0.05615234375 0.07486979166666667
9 0.538330078125 0.4798177083333333 0.06884765625 0.06510416666666667
13 0.56689453125 0.4348958333333333 0.05078125 0.044270833333333336
3 0.417724609375 0.57421875 0.16845703125 0.18229166666666666
