0 0.55224609375 0.4573567708333333 0.0888671875 0.056640625
1 0.681640625 0.62890625 0.365234375 0.16145833333333334
5 0.5732421875 0.3805338541666667 0.0986328125 0.130859375
5 0.317626953125 0.4065755208333333 0.10009765625 0.15169270833333334
6 0.41650390625 0.5677083333333334 0.0361328125 0.11979166666666667
7 0.681396484375 0.2975260416666667 0.11083984375 0.33984375
8 0.4638671875 0.2535807291666667 0.1806640625 0.115234375
8 0.41455078125 0.4296875 0.2666015625 0.2591145833333333
9 0.328857421875 0.2643229166666667 0.08935546875 0.10416666666666667
10 0.74853515625 0.4039713541666667 0.0986328125 0.103515625
10 0.37939453125 0.3268229166666667 0.0634765625 0.052083333333333336
11 0.236083984375 0.4703776041666667 0.09130859375 0.12565104166666666
12 0.59814453125 0.5052083333333334 0.3212890625 0.13932291666666666
17 0.418701171875 0.529296875 0.81689453125 0.87109375
