10 0.492431640625 0.6204427083333334 0.03564453125 0.15364583333333334
17 0.593505859375 0.6985677083333334 0.42138671875 0.4596354166666667
7 0.56884765625 0.546875 0.0400390625 0.13802083333333334
6 0.71044921875 0.6520182291666666 0.0830078125 0.031901041666666664
10 0.632568359375 0.5654296875 0.02587890625 0.087890625
10 0.608154296875 0.544921875 0.02587890625 0.046875
9 0.72021484375 0.7001953125 0.044921875 0.09049479166666667
13 0.6416015625 0.6429036458333334 0.0439453125 0.057942708333333336
5 0.6064453125 0.6103515625 0.033203125 0.08528645833333333
2 0.526123046875 0.626953125 0.04150390625 0.045572916666666664
12 0.4404296875 0.9069010416666666 0.0302734375 0.13541666666666666
16 0.554931640625 0.6653645833333334 0.03759765625 0.041666666666666664
16 0.6025390625 0.7001953125 0.044921875 0.06966145833333333
4 0.675537109375 0.6318359375 0.03857421875 0.034505208333333336
2 0.52783203125 0.5810546875 0.0439453125 0.056640625
5 0.55908203125 0.7392578125 0.05078125 0.09700520833333333
2 0.644775390625 0.7464192708333334 0.08056640625 0.087890625
6 0.63330078125 0.7483723958333334 0.0439453125 0.027994791666666668
