10 0.56787109375 0.6529947916666666 0.029296875 0.109375
10 0.44384765625 0.5423177083333334 0.0302734375 0.1328125
7 0.55810546875 0.5813802083333334 0.0380859375 0.1484375
17 0.44873046875 0.6754557291666666 0.4033203125 0.4329427083333333
2 0.5 0.5618489583333334 0.052734375 0.06380208333333333
16 0.4521484375 0.6259765625 0.0361328125 0.038411458333333336
6 0.4853515625 0.7542317708333334 0.0458984375 0.087890625
11 0.38232421875 0.7213541666666666 0.0419921875 0.08854166666666667
9 0.3828125 0.7223307291666666 0.04296875 0.087890625
2 0.336669921875 0.6614583333333334 0.07275390625 0.07682291666666667
6 0.32080078125 0.6354166666666666 0.052734375 0.07552083333333333
14 0.39208984375 0.63671875 0.0439453125 0.0703125
5 0.350341796875 0.59765625 0.04541015625 0.053385416666666664
9 0.38134765625 0.720703125 0.0419921875 0.08333333333333333
13 0.468994140625 0.6754557291666666 0.03759765625 0.056640625
4 0.522705078125 0.7213541666666666 0.03369140625 0.055989583333333336
5 0.50341796875 0.6435546875 0.0390625 0.083984375
