0 0.406494140625 0.4811197916666667 0.08349609375 0.06640625
2 0.532470703125 0.4759114583333333 0.05419921875 0.045572916666666664
3 0.509033203125 0.5042317708333334 0.14208984375 0.123046875
6 0.459716796875 0.453125 0.04638671875 0.026041666666666668
9 0.40869140625 0.4697265625 0.041015625 0.087890625
10 0.5224609375 0.498046875 0.0927734375 0.044270833333333336
10 0.53662109375 0.4501953125 0.0517578125 0.043619791666666664
12 0.486083984375 0.4358723958333333 0.04150390625 0.14388020833333334
14 0.43896484375 0.494140625 0.048828125 0.05859375
17 0.48583984375 0.4801432291666667 0.341796875 0.2766927083333333
