0 0.666259765625 0.4388020833333333 0.01708984375 0.018229166666666668
1 0.51220703125 0.3974609375 0.0439453125 0.021484375
5 0.70263671875 0.4052734375 0.0693359375 0.07877604166666667
7 0.650634765625 0.2740885416666667 0.04150390625 0.09895833333333333
8 0.602783203125 0.3671875 0.12158203125 0.1640625
8 0.731201171875 0.3733723958333333 0.12158203125 0.14778645833333334
9 0.593017578125 0.4065755208333333 0.05908203125 0.12565104166666666
10 0.6494140625 0.3707682291666667 0.03125 0.030598958333333332
13 0.64208984375 0.4130859375 0.04296875 0.06575520833333333
17 0.668701171875 0.3981119791666667 0.43603515625 0.353515625
