0 0.562744140625 0.6946614583333334 0.12060546875 0.06380208333333333
0 0.594482421875 0.6077473958333334 0.08642578125 0.083984375
1 0.694091796875 0.6194661458333334 0.05126953125 0.031901041666666664
2 0.401123046875 0.6822916666666666 0.10009765625 0.07942708333333333
4 0.466064453125 0.7314453125 0.08447265625 0.054036458333333336
5 0.62646484375 0.6588541666666666 0.0849609375 0.08723958333333333
6 0.6953125 0.6432291666666666 0.0390625 0.037760416666666664
7 0.53662109375 0.5462239583333334 0.0576171875 0.20182291666666666
9 0.338623046875 0.6529947916666666 0.07568359375 0.08723958333333333
10 0.4951171875 0.6539713541666666 0.09375 0.06705729166666667
10 0.454833984375 0.6051432291666666 0.07275390625 0.06315104166666667
11 0.699462890625 0.7014973958333334 0.10205078125 0.076171875
12 0.608154296875 0.5963541666666666 0.11474609375 0.06770833333333333
12 0.4248046875 0.5934244791666666 0.0810546875 0.076171875
13 0.577880859375 0.6878255208333334 0.07373046875 0.08919270833333333
14 0.39599609375 0.6396484375 0.0849609375 0.06705729166666667
17 0.552734375 0.6653645833333334 0.55859375 0.48828125
