6 0.5615234375 0.7145182291666666 0.09375 0.055338541666666664
10 0.389404296875 0.5595703125 0.03564453125 0.13606770833333334
7 0.519287109375 0.5491536458333334 0.03759765625 0.13997395833333334
9 0.47607421875 0.734375 0.0390625 0.08854166666666667
5 0.501953125 0.6070963541666666 0.037109375 0.06705729166666667
17 0.447265625 0.6975911458333334 0.4033203125 0.400390625
10 0.5654296875 0.5999348958333334 0.0283203125 0.09830729166666667
14 0.401123046875 0.6656901041666666 0.04638671875 0.06315104166666667
16 0.43115234375 0.6331380208333334 0.0263671875 0.044921875
2 0.370361328125 0.7125651041666666 0.07763671875 0.083984375
6 0.34375 0.6940104166666666 0.0849609375 0.0546875
5 0.33203125 0.6487630208333334 0.056640625 0.056640625
2 0.449951171875 0.5553385416666666 0.05810546875 0.055989583333333336
2 0.449951171875 0.5947265625 0.06201171875 0.029296875
13 0.498291015625 0.66015625 0.04052734375 0.05078125
4 0.560546875 0.669921875 0.0537109375 0.0546875
