2 0.5 0.4892578125 0.1123046875 0.10872395833333333
2 0.56005859375 0.4602864583333333 0.07421875 0.10416666666666667
3 0.3369140625 0.4293619791666667 0.3232421875 0.12955729166666666
6 0.52587890625 0.3899739583333333 0.068359375 0.049479166666666664
9 0.47412109375 0.3505859375 0.05859375 0.06966145833333333
10 0.47900390625 0.4248046875 0.0771484375 0.047526041666666664
10 0.385986328125 0.4684244791666667 0.07666015625 0.11653645833333333
10 0.498779296875 0.458984375 0.12255859375 0.059895833333333336
14 0.388671875 0.3873697916666667 0.0498046875 0.07291666666666667
17 0.4580078125 0.4407552083333333 0.58984375 0.4544270833333333
