0 0.430419921875 0.4306640625 0.17041015625 0.095703125
1 0.685546875 0.4567057291666667 0.0576171875 0.039713541666666664
2 0.777587890625 0.4534505208333333 0.14208984375 0.15299479166666666
6 0.6513671875 0.3636067708333333 0.1142578125 0.16471354166666666
7 0.4912109375 0.22819010416666666 0.251953125 0.185546875
8 0.734619140625 0.3199869791666667 0.22705078125 0.14127604166666666
9 0.646484375 0.3675130208333333 0.08984375 0.13346354166666666
9 0.60986328125 0.4899088541666667 0.099609375 0.15690104166666666
9 0.4873046875 0.3424479166666667 0.08984375 0.15625
10 0.56591796875 0.4000651041666667 0.072265625 0.150390625
10 0.82763671875 0.4143880208333333 0.1025390625 0.080078125
10 0.73583984375 0.4697265625 0.1044921875 0.14908854166666666
10 0.727783203125 0.7174479166666666 0.16162109375 0.2565104166666667
11 0.75439453125 0.5924479166666666 0.109375 0.11458333333333333
11 0.748779296875 0.5950520833333334 0.12060546875 0.09375
14 0.498779296875 0.4768880208333333 0.11474609375 0.14908854166666666
15 0.6513671875 0.5462239583333334 0.1845703125 0.13151041666666666
17 0.619140625 0.4596354166666667 0.6279296875 0.7903645833333334
