10 0.323486328125 0.611328125 0.03369140625 0.10546875
6 0.2607421875 0.6048177083333334 0.08984375 0.04296875
10 0.455322265625 0.509765625 0.02783203125 0.12369791666666667
17 0.374267578125 0.6123046875 0.37451171875 0.291015625
12 0.276611328125 0.931640625 0.03857421875 0.13151041666666666
2 0.442626953125 0.5465494791666666 0.06494140625 0.056640625
9 0.277587890625 0.5403645833333334 0.03955078125 0.06640625
2 0.341796875 0.5087890625 0.0546875 0.044921875
6 0.355712890625 0.4840494791666667 0.03271484375 0.056640625
7 0.3916015625 0.5784505208333334 0.041015625 0.14518229166666666
2 0.442626953125 0.5921223958333334 0.06494140625 0.039713541666666664
0 0.431884765625 0.65234375 0.08544921875 0.05859375
5 0.356201171875 0.5817057291666666 0.03759765625 0.08528645833333333
