1 0.6240234375 0.4710286458333333 0.033203125 0.10481770833333333
5 0.403076171875 0.4755859375 0.09033203125 0.10221354166666667
6 0.55078125 0.5146484375 0.052734375 0.037109375
7 0.525390625 0.3125 0.064453125 0.140625
8 0.511474609375 0.4641927083333333 0.15185546875 0.23958333333333334
8 0.369384765625 0.369140625 0.14599609375 0.13411458333333334
9 0.2763671875 0.4309895833333333 0.0732421875 0.14322916666666666
10 0.404296875 0.4195963541666667 0.08203125 0.051432291666666664
10 0.4560546875 0.3701171875 0.0634765625 0.035807291666666664
11 0.398193359375 0.5462239583333334 0.09130859375 0.09375
13 0.3388671875 0.4615885416666667 0.06640625 0.09375
17 0.47998046875 0.4733072916666667 0.5146484375 0.5143229166666666
