0 0.6318359375 0.6904296875 0.087890625 0.13216145833333334
2 0.44580078125 0.6370442708333334 0.0771484375 0.064453125
2 0.46630859375 0.6998697916666666 0.0791015625 0.07421875
3 0.543212890625 0.6051432291666666 0.11572265625 0.076171875
6 0.517333984375 0.6578776041666666 0.10986328125 0.033203125
9 0.5986328125 0.697265625 0.0595703125 0.10807291666666667
10 0.437255859375 0.62109375 0.07373046875 0.0546875
10 0.531982421875 0.7151692708333334 0.05419921875 0.07747395833333333
12 0.536376953125 0.5807291666666666 0.04541015625 0.1328125
17 0.500732421875 0.6744791666666666 0.40283203125 0.35546875
