0 0.44580078125 0.3909505208333333 0.1142578125 0.130859375
2 0.568359375 0.322265625 0.0556640625 0.053385416666666664
3 0.602294921875 0.361328125 0.22412109375 0.16796875
6 0.478515625 0.3177083333333333 0.025390625 0.059895833333333336
9 0.432373046875 0.3489583333333333 0.05224609375 0.11588541666666667
10 0.57666015625 0.3561197916666667 0.0634765625 0.06770833333333333
10 0.56103515625 0.2903645833333333 0.0400390625 0.0625
12 0.531494140625 0.2858072916666667 0.04541015625 0.18880208333333334
14 0.496337890625 0.3779296875 0.05810546875 0.087890625
17 0.516357421875 0.3421223958333333 0.47607421875 0.353515625
