1 0.597900390625 0.458984375 0.22119140625 0.026041666666666668
1 0.437744140625 0.3968098958333333 0.06787109375 0.056640625
5 0.553955078125 0.3642578125 0.05224609375 0.056640625
7 0.5068359375 0.3125 0.0517578125 0.15364583333333334
8 0.652099609375 0.3515625 0.13330078125 0.16145833333333334
8 0.560791015625 0.3196614583333333 0.07275390625 0.08203125
9 0.703369140625 0.3483072916666667 0.04248046875 0.10286458333333333
10 0.536376953125 0.4072265625 0.14111328125 0.044921875
10 0.558349609375 0.4208984375 0.14208984375 0.057942708333333336
10 0.62646484375 0.3994140625 0.080078125 0.06705729166666667
17 0.5947265625 0.3909505208333333 0.416015625 0.349609375
