0 0.6005859375 0.3811848958333333 0.0419921875 0.09830729166666667
6 0.4296875 0.3492838541666667 0.025390625 0.08268229166666667
7 0.56787109375 0.2994791666666667 0.1474609375 0.125
8 0.40234375 0.2766927083333333 0.1259765625 0.1953125
9 0.548583984375 0.361328125 0.05224609375 0.10026041666666667
9 0.478271484375 0.2965494791666667 0.04248046875 0.11393229166666667
10 0.50341796875 0.3486328125 0.076171875 0.061848958333333336
10 0.470947265625 0.24381510416666666 0.04052734375 0.107421875
10 0.506103515625 0.2353515625 0.03466796875 0.039713541666666664
17 0.489501953125 0.3238932291666667 0.35888671875 0.4108072916666667
