1 0.294921875 0.50390625 0.0185546875 0.08463541666666667
5 0.572265625 0.4537760416666667 0.0732421875 0.12239583333333333
7 0.38623046875 0.3212890625 0.0595703125 0.18294270833333334
8 0.43603515625 0.4469401041666667 0.1572265625 0.19205729166666666
8 0.544189453125 0.3785807291666667 0.16259765625 0.12565104166666666
9 0.520263671875 0.5061848958333334 0.06787109375 0.16341145833333334
10 0.357421875 0.4768880208333333 0.0537109375 0.057942708333333336
10 0.308837890625 0.4365234375 0.06298828125 0.111328125
10 0.353759765625 0.4104817708333333 0.06591796875 0.083984375
11 0.616455078125 0.4801432291666667 0.05517578125 0.076171875
17 0.46923828125 0.4654947916666667 0.5244140625 0.46875
