0 0.32275390625 0.4156901041666667 0.0771484375 0.07356770833333333
2 0.533203125 0.4140625 0.0537109375 0.059895833333333336
3 0.40673828125 0.515625 0.2099609375 0.3098958333333333
6 0.472900390625 0.3753255208333333 0.12744140625 0.050130208333333336
9 0.381591796875 0.3841145833333333 0.05615234375 0.11458333333333333
10 0.601806640625 0.4072265625 0.13427734375 0.08658854166666667
10 0.501953125 0.4313151041666667 0.046875 0.048828125
10 0.494140625 0.486328125 0.1484375 0.0859375
12 0.447265625 0.3551432291666667 0.0556640625 0.23502604166666666
14 0.359130859375 0.44140625 0.07373046875 0.08854166666666667
17 0.47412109375 0.4378255208333333 0.6220703125 0.4733072916666667
