0 0.519775390625 0.357421875 0.06396484375 0.061197916666666664
2 0.483642578125 0.48046875 0.11865234375 0.10416666666666667
2 0.381103515625 0.4837239583333333 0.12548828125 0.1015625
3 0.399169921875 0.392578125 0.17236328125 0.06770833333333333
6 0.504638671875 0.3984375 0.03369140625 0.06380208333333333
9 0.56494140625 0.3782552083333333 0.068359375 0.11328125
10 0.515869140625 0.4401041666666667 0.16943359375 0.07942708333333333
10 0.395751953125 0.3987630208333333 0.05712890625 0.042317708333333336
12 0.44677734375 0.3167317708333333 0.0693359375 0.19466145833333334
14 0.49560546875 0.37890625 0.052734375 0.059895833333333336
17 0.467041015625 0.4928385416666667 0.60498046875 0.5442708333333334
