10 0.642333984375 0.66796875 0.03076171875 0.10807291666666667
10 0.317138671875 0.6936848958333334 0.03466796875 0.119140625
10 0.6845703125 0.6956380208333334 0.0244140625 0.12565104166666666
12 0.409423828125 0.5699869791666666 0.03564453125 0.12174479166666667
2 0.47265625 0.650390625 0.068359375 0.07291666666666667
9 0.33203125 0.5690104166666666 0.0322265625 0.03515625
16 0.60302734375 0.732421875 0.0234375 0.040364583333333336
10 0.66357421875 0.7545572916666666 0.0361328125 0.11197916666666667
10 0.386962890625 0.6676432291666666 0.05810546875 0.19466145833333334
10 0.4111328125 0.5699869791666666 0.041015625 0.12174479166666667
13 0.633544921875 0.7535807291666666 0.03369140625 0.046223958333333336
17 0.38720703125 0.6858723958333334 0.380859375 0.3522135416666667
2 0.474609375 0.6995442708333334 0.072265625 0.042317708333333336
0 0.423828125 0.7757161458333334 0.119140625 0.033203125
8 0.304443359375 0.6227213541666666 0.11865234375 0.08919270833333333
4 0.29052734375 0.6861979166666666 0.0283203125 0.044270833333333336
5 0.476806640625 0.5686848958333334 0.03564453125 0.051432291666666664
4 0.488525390625 0.611328125 0.04736328125 0.041666666666666664
