0 0.5478515625 0.3170572916666667 0.0830078125 0.07161458333333333
2 0.443359375 0.376953125 0.0751953125 0.061197916666666664
2 0.363525390625 0.3580729166666667 0.09619140625 0.078125
6 0.471435546875 0.3251953125 0.07080078125 0.041015625
9 0.54443359375 0.3277994791666667 0.0419921875 0.11263020833333333
10 0.362060546875 0.3326822916666667 0.08837890625 0.052083333333333336
10 0.48388671875 0.3590494791666667 0.1298828125 0.07356770833333333
12 0.447998046875 0.244140625 0.04638671875 0.12630208333333334
14 0.507080078125 0.3160807291666667 0.04541015625 0.048828125
17 0.45849609375 0.3258463541666667 0.453125 0.3157552083333333
