0 0.426025390625 0.52734375 0.06396484375 0.0546875
0 0.384521484375 0.5537109375 0.06005859375 0.057942708333333336
0 0.314208984375 0.5325520833333334 0.08251953125 0.04296875
0 0.25634765625 0.5732421875 0.14453125 0.048828125
5 0.260986328125 0.4765625 0.04931640625 0.09635416666666667
8 0.37646484375 0.4322916666666667 0.1103515625 0.06510416666666667
9 0.212890625 0.4169921875 0.033203125 0.07096354166666667
9 0.231689453125 0.4967447916666667 0.06494140625 0.11067708333333333
10 0.243896484375 0.4192708333333333 0.13916015625 0.13802083333333334
10 0.308837890625 0.4501953125 0.05615234375 0.068359375
10 0.396240234375 0.4807942708333333 0.03662109375 0.037109375
10 0.337890625 0.4938151041666667 0.0361328125 0.050130208333333336
11 0.447021484375 0.5055338541666666 0.04150390625 0.060546875
11 0.170654296875 0.4069010416666667 0.03564453125 0.10807291666666667
12 0.14599609375 0.4645182291666667 0.056640625 0.10221354166666667
13 0.36865234375 0.5205078125 0.0576171875 0.07747395833333333
14 0.36572265625 0.4456380208333333 0.0576171875 0.07486979166666667
16 0.100341796875 0.5068359375 0.04931640625 0.050130208333333336
17 0.276611328125 0.4986979166666667 0.45361328125 0.37109375
