0 0.453369140625 0.4505208333333333 0.04736328125 0.048177083333333336
1 0.50439453125 0.572265625 0.2880859375 0.061197916666666664
5 0.49462890625 0.4306640625 0.0693359375 0.068359375
6 0.360107421875 0.5016276041666666 0.04150390625 0.051432291666666664
7 0.56591796875 0.396484375 0.068359375 0.24869791666666666
8 0.37548828125 0.4195963541666667 0.173828125 0.12174479166666667
8 0.452880859375 0.3440755208333333 0.10986328125 0.103515625
10 0.60205078125 0.4703776041666667 0.037109375 0.076171875
10 0.621826171875 0.4446614583333333 0.07763671875 0.09375
11 0.284912109375 0.4348958333333333 0.04052734375 0.055989583333333336
12 0.482177734375 0.4905598958333333 0.20947265625 0.099609375
17 0.47802734375 0.4860026041666667 0.494140625 0.4498697916666667
