7 0.3798828125 0.2652994791666667 0.0615234375 0.16861979166666666
10 0.12548828125 0.6158854166666666 0.0673828125 0.16666666666666666
10 0.634765625 0.3121744791666667 0.0439453125 0.14908854166666666
9 0.547607421875 0.22591145833333334 0.04833984375 0.109375
9 0.5888671875 0.4716796875 0.064453125 0.13997395833333334
8 0.2041015625 0.7506510416666666 0.1953125 0.11979166666666667
13 0.87890625 0.8014322916666666 0.0615234375 0.09114583333333333
7 0.0458984375 0.759765625 0.0908203125 0.22265625
16 0.8486328125 0.734375 0.048828125 0.053385416666666664
12 0.232421875 0.9384765625 0.0830078125 0.123046875
6 0.839599609375 0.7044270833333334 0.09130859375 0.03125
4 0.2158203125 0.5377604166666666 0.03515625 0.036458333333333336
12 0.50048828125 0.3238932291666667 0.07421875 0.23372395833333334
14 0.90478515625 0.7301432291666666 0.0673828125 0.06315104166666667
14 0.119384765625 0.86328125 0.08544921875 0.109375
8 0.3408203125 0.4147135416666667 0.2255859375 0.13932291666666666
10 0.905029296875 0.73046875 0.06591796875 0.061197916666666664
5 0.559814453125 0.3385416666666667 0.04541015625 0.12630208333333334
1 0.426025390625 0.5260416666666666 0.26708984375 0.07942708333333333
11 0.6630859375 0.4290364583333333 0.0537109375 0.18098958333333334
10 0.931396484375 0.8271484375 0.11376953125 0.224609375
10 0.717529296875 0.4150390625 0.07861328125 0.08919270833333333
10 0.497314453125 0.20638020833333334 0.06103515625 0.14192708333333334
12 0.325927734375 0.6953125 0.06103515625 0.1953125
17 0.53369140625 0.3909505208333333 0.5703125 0.4720052083333333
15 0.24755859375 0.654296875 0.08984375 0.0546875
