1 0.620849609375 0.4384765625 0.10400390625 0.16080729166666666
2 0.686767578125 0.537109375 0.13232421875 0.21223958333333334
7 0.6220703125 0.11458333333333333 0.228515625 0.22786458333333334
8 0.759765625 0.4137369791666667 0.177734375 0.3040364583333333
9 0.639404296875 0.3401692708333333 0.09228515625 0.12565104166666666
9 0.5830078125 0.19108072916666666 0.0771484375 0.119140625
9 0.525634765625 0.3623046875 0.08544921875 0.158203125
10 0.54931640625 0.2552083333333333 0.1474609375 0.15234375
10 0.71337890625 0.5338541666666666 0.1689453125 0.14973958333333334
10 0.6005859375 0.4456380208333333 0.08984375 0.17122395833333334
10 0.423095703125 0.5358072916666666 0.15869140625 0.20442708333333334
11 0.5458984375 0.5628255208333334 0.1123046875 0.16471354166666666
14 0.48681640625 0.2718098958333333 0.0859375 0.12955729166666666
15 0.494873046875 0.4039713541666667 0.14404296875 0.15950520833333334
17 0.576904296875 0.3948567708333333 0.59326171875 0.7571614583333334
