10 0.125244140625 0.6158854166666666 0.06689453125 0.16666666666666666
9 0.621826171875 0.3994140625 0.06982421875 0.15169270833333334
6 0.83642578125 0.7093098958333334 0.0869140625 0.041015625
12 0.352294921875 0.3017578125 0.06298828125 0.2532552083333333
8 0.198974609375 0.7473958333333334 0.20654296875 0.10677083333333333
10 0.48779296875 0.4290364583333333 0.1015625 0.0859375
16 0.512451171875 0.5231119791666666 0.07080078125 0.057942708333333336
1 0.533203125 0.4928385416666667 0.2333984375 0.08723958333333333
12 0.23095703125 0.9381510416666666 0.08203125 0.12239583333333333
14 0.905029296875 0.7314453125 0.06298828125 0.060546875
5 0.544189453125 0.3828125 0.05517578125 0.12630208333333334
11 0.30224609375 0.416015625 0.080078125 0.18098958333333334
10 0.4033203125 0.4934895833333333 0.0791015625 0.15364583333333334
10 0.44775390625 0.2740885416666667 0.06640625 0.27734375
0 0.705078125 0.4388020833333333 0.0458984375 0.109375
0 0.55224609375 0.3131510416666667 0.060546875 0.05078125
14 0.56005859375 0.294921875 0.076171875 0.06380208333333333
13 0.880859375 0.798828125 0.0654296875 0.08723958333333333
10 0.931640625 0.828125 0.1025390625 0.23177083333333334
7 0.0537109375 0.7604166666666666 0.1064453125 0.2265625
12 0.330078125 0.6959635416666666 0.0595703125 0.18098958333333334
4 0.21630859375 0.53515625 0.037109375 0.041666666666666664
15 0.248046875 0.6627604166666666 0.0908203125 0.046875
7 0.09130859375 0.7389322916666666 0.0625 0.13411458333333334
17 0.49951171875 0.400390625 0.490234375 0.3684895833333333
