0 0.69873046875 0.4270833333333333 0.05859375 0.07942708333333333
1 0.495849609375 0.3199869791666667 0.15576171875 0.024088541666666668
2 0.39794921875 0.3671875 0.1083984375 0.1015625
6 0.490966796875 0.4521484375 0.11279296875 0.11653645833333333
7 0.6591796875 0.3157552083333333 0.173828125 0.1484375
9 0.649169921875 0.4267578125 0.06982421875 0.14388020833333334
9 0.540283203125 0.3401692708333333 0.05224609375 0.099609375
10 0.54541015625 0.4143880208333333 0.1591796875 0.16731770833333334
10 0.458984375 0.3001302083333333 0.0390625 0.15494791666666666
10 0.38427734375 0.3245442708333333 0.1220703125 0.09830729166666667
10 0.491943359375 0.2958984375 0.03173828125 0.08658854166666667
17 0.49951171875 0.4069010416666667 0.587890625 0.43359375
