7 0.475830078125 0.4733072916666667 0.05810546875 0.13411458333333334
10 0.95458984375 0.6744791666666666 0.0634765625 0.18098958333333334
10 0.33740234375 0.89453125 0.09375 0.2109375
10 0.2197265625 0.9521484375 0.0908203125 0.095703125
8 0.576904296875 0.556640625 0.20458984375 0.11848958333333333
6 0.809814453125 0.4143880208333333 0.06787109375 0.050130208333333336
8 0.577880859375 0.4466145833333333 0.16845703125 0.12369791666666667
14 0.536865234375 0.4827473958333333 0.07763671875 0.07356770833333333
6 0.78759765625 0.4934895833333333 0.099609375 0.06770833333333333
2 0.743408203125 0.5276692708333334 0.10888671875 0.10221354166666667
13 0.685546875 0.4615885416666667 0.064453125 0.06770833333333333
1 0.677978515625 0.4124348958333333 0.11962890625 0.020182291666666668
4 0.70556640625 0.3984375 0.048828125 0.05859375
0 0.40380859375 0.521484375 0.0966796875 0.057291666666666664
17 0.618408203125 0.5452473958333334 0.51220703125 0.357421875
