12 0.5029296875 0.2874348958333333 0.060546875 0.224609375
10 0.526123046875 0.4254557291666667 0.06298828125 0.10872395833333333
2 0.471923828125 0.4739583333333333 0.09814453125 0.14973958333333334
16 0.849609375 0.73046875 0.0498046875 0.055989583333333336
10 0.040771484375 0.7119140625 0.07861328125 0.16861979166666666
7 0.426025390625 0.2679036458333333 0.06689453125 0.20247395833333334
8 0.192626953125 0.7408854166666666 0.19970703125 0.12109375
17 0.53076171875 0.4195963541666667 0.5712890625 0.5227864583333334
10 0.42578125 0.2682291666666667 0.06640625 0.20052083333333334
7 0.14404296875 0.626953125 0.0693359375 0.13020833333333334
10 0.971923828125 0.6630859375 0.05615234375 0.126953125
13 0.8720703125 0.798828125 0.052734375 0.08723958333333333
10 0.97314453125 0.7005208333333334 0.0537109375 0.20442708333333334
8 0.453369140625 0.5540364583333334 0.30322265625 0.14973958333333334
2 0.37548828125 0.3004557291666667 0.083984375 0.06966145833333333
8 0.384521484375 0.49609375 0.26318359375 0.2643229166666667
12 0.332763671875 0.7213541666666666 0.05615234375 0.1484375
12 0.5029296875 0.3050130208333333 0.1171875 0.09049479166666667
10 0.935546875 0.7698567708333334 0.068359375 0.10221354166666667
14 0.599609375 0.4274088541666667 0.0849609375 0.07877604166666667
2 0.605712890625 0.4680989583333333 0.11376953125 0.10416666666666667
13 0.6865234375 0.39453125 0.0546875 0.11067708333333333
8 0.656494140625 0.3509114583333333 0.15576171875 0.07291666666666667
