0 0.536376953125 0.4775390625 0.08935546875 0.17252604166666666
1 0.54345703125 0.3258463541666667 0.017578125 0.13997395833333334
2 0.5263671875 0.2890625 0.0712890625 0.07682291666666667
3 0.6484375 0.4147135416666667 0.2509765625 0.17447916666666666
6 0.430908203125 0.3873697916666667 0.02587890625 0.029947916666666668
7 0.468505859375 0.3505859375 0.14013671875 0.15559895833333334
9 0.477783203125 0.4410807291666667 0.04931640625 0.09049479166666667
10 0.567138671875 0.283203125 0.04248046875 0.09505208333333333
10 0.527587890625 0.2610677083333333 0.03662109375 0.09114583333333333
10 0.650390625 0.3544921875 0.109375 0.06315104166666667
10 0.483154296875 0.37109375 0.12353515625 0.11328125
11 0.60546875 0.3245442708333333 0.052734375 0.060546875
14 0.565185546875 0.4339192708333333 0.06494140625 0.09309895833333333
