10 0.125 0.6155598958333334 0.068359375 0.16731770833333334
9 0.43798828125 0.2275390625 0.046875 0.10872395833333333
7 0.35693359375 0.3180338541666667 0.0732421875 0.23502604166666666
8 0.19921875 0.7522786458333334 0.2060546875 0.11783854166666667
12 0.233154296875 0.9381510416666666 0.08056640625 0.12369791666666667
9 0.68408203125 0.4069010416666667 0.0615234375 0.11328125
6 0.835693359375 0.7044270833333334 0.08447265625 0.029947916666666668
13 0.88134765625 0.8030598958333334 0.0556640625 0.087890625
16 0.84716796875 0.7353515625 0.0439453125 0.051432291666666664
1 0.593505859375 0.5146484375 0.24853515625 0.10091145833333333
4 0.2158203125 0.5361328125 0.0361328125 0.034505208333333336
10 0.518798828125 0.2858072916666667 0.07470703125 0.2825520833333333
14 0.119140625 0.8665364583333334 0.0849609375 0.11458333333333333
14 0.904296875 0.7307942708333334 0.0654296875 0.061848958333333336
12 0.618408203125 0.3359375 0.06884765625 0.28515625
12 0.23291015625 0.9378255208333334 0.0791015625 0.123046875
8 0.4423828125 0.4661458333333333 0.2412109375 0.19270833333333334
11 0.30126953125 0.43359375 0.064453125 0.0703125
5 0.44189453125 0.330078125 0.06640625 0.08203125
2 0.412109375 0.357421875 0.0576171875 0.08984375
11 0.71484375 0.3567708333333333 0.0673828125 0.15625
10 0.9326171875 0.8274739583333334 0.1083984375 0.22526041666666666
7 0.0498046875 0.7565104166666666 0.0966796875 0.21875
12 0.33154296875 0.6946614583333334 0.068359375 0.18098958333333334
15 0.24853515625 0.6588541666666666 0.09765625 0.057291666666666664
17 0.533203125 0.35546875 0.5634765625 0.4973958333333333
