10 0.642333984375 0.66796875 0.03076171875 0.10807291666666667
12 0.396728515625 0.5846354166666666 0.03955078125 0.14322916666666666
10 0.684326171875 0.6956380208333334 0.02490234375 0.12565104166666666
16 0.603271484375 0.7327473958333334 0.02392578125 0.042317708333333336
10 0.458740234375 0.6985677083333334 0.03173828125 0.11458333333333333
10 0.664306640625 0.7542317708333334 0.03466796875 0.111328125
17 0.389404296875 0.6884765625 0.39599609375 0.4069010416666667
7 0.50439453125 0.6305338541666666 0.04296875 0.162109375
16 0.363037109375 0.611328125 0.04052734375 0.0625
14 0.315673828125 0.5888671875 0.04638671875 0.048828125
8 0.317138671875 0.7086588541666666 0.14208984375 0.13606770833333334
4 0.387939453125 0.7421875 0.06103515625 0.05859375
9 0.279541015625 0.6529947916666666 0.03955078125 0.041666666666666664
5 0.4345703125 0.6647135416666666 0.0322265625 0.09635416666666667
6 0.42919921875 0.6139322916666666 0.048828125 0.059895833333333336
0 0.543701171875 0.6822916666666666 0.02099609375 0.08463541666666667
