0 0.51220703125 0.3899739583333333 0.046875 0.13802083333333334
2 0.400390625 0.3453776041666667 0.0439453125 0.059244791666666664
3 0.564208984375 0.3528645833333333 0.20263671875 0.11328125
6 0.416015625 0.3138020833333333 0.041015625 0.033854166666666664
9 0.4560546875 0.37109375 0.0537109375 0.13802083333333334
10 0.44140625 0.2835286458333333 0.0419921875 0.046223958333333336
10 0.40966796875 0.3681640625 0.04296875 0.059244791666666664
12 0.494140625 0.2805989583333333 0.0478515625 0.18489583333333334
14 0.517578125 0.369140625 0.0595703125 0.07682291666666667
17 0.46435546875 0.3225911458333333 0.44140625 0.298828125
