0 0.54150390625 0.3779296875 0.111328125 0.046223958333333336
0 0.24853515625 0.2679036458333333 0.0771484375 0.08658854166666667
1 0.697509765625 0.4404296875 0.06689453125 0.173828125
2 0.28759765625 0.3154296875 0.1298828125 0.08528645833333333
4 0.253662109375 0.3815104166666667 0.09423828125 0.07552083333333333
5 0.427001953125 0.4339192708333333 0.11669921875 0.14908854166666666
6 0.56396484375 0.484375 0.171875 0.08854166666666667
7 0.565185546875 0.2532552083333333 0.10205078125 0.28515625
10 0.4462890625 0.2955729166666667 0.142578125 0.07421875
10 0.393798828125 0.3372395833333333 0.10009765625 0.08463541666666667
11 0.40966796875 0.5445963541666666 0.1337890625 0.12434895833333333
12 0.461181640625 0.2744140625 0.15966796875 0.07356770833333333
12 0.605224609375 0.3942057291666667 0.07763671875 0.15559895833333334
13 0.328857421875 0.41796875 0.08544921875 0.12630208333333334
14 0.291748046875 0.2652994791666667 0.08154296875 0.07486979166666667
17 0.4404296875 0.4684244791666667 0.69921875 0.7701822916666666
