0 0.576416015625 0.3597005208333333 0.04443359375 0.038411458333333336
1 0.50634765625 0.4313151041666667 0.0888671875 0.103515625
2 0.5048828125 0.4915364583333333 0.0859375 0.09114583333333333
3 0.47216796875 0.3942057291666667 0.1748046875 0.052734375
6 0.588623046875 0.4762369791666667 0.10400390625 0.047526041666666664
7 0.621826171875 0.3287760416666667 0.07080078125 0.12369791666666667
9 0.60986328125 0.3850911458333333 0.04296875 0.07747395833333333
9 0.520263671875 0.3990885416666667 0.03759765625 0.0625
10 0.585693359375 0.4368489583333333 0.13037109375 0.055989583333333336
10 0.441650390625 0.41015625 0.07470703125 0.055989583333333336
10 0.498779296875 0.4720052083333333 0.06298828125 0.055989583333333336
10 0.490966796875 0.4000651041666667 0.03466796875 0.064453125
11 0.460205078125 0.4664713541666667 0.03173828125 0.06705729166666667
14 0.556884765625 0.3805338541666667 0.05029296875 0.06575520833333333
17 0.535888671875 0.4169921875 0.39794921875 0.333984375
