9 0.552490234375 0.5286458333333334 0.04736328125 0.09505208333333333
10 0.22802734375 0.6481119791666666 0.0390625 0.12825520833333334
10 0.799072265625 0.7923177083333334 0.04541015625 0.171875
12 0.431640625 0.4944661458333333 0.0400390625 0.12044270833333333
8 0.711669921875 0.7340494791666666 0.08935546875 0.13346354166666666
4 0.873291015625 0.9440104166666666 0.05615234375 0.06770833333333333
6 0.250732421875 0.72265625 0.04541015625 0.02734375
7 0.7587890625 0.951171875 0.12890625 0.09765625
7 0.767578125 0.6940104166666666 0.044921875 0.14713541666666666
10 0.370361328125 0.5364583333333334 0.06884765625 0.036458333333333336
10 0.470947265625 0.5540364583333334 0.07568359375 0.045572916666666664
10 0.83642578125 0.7457682291666666 0.0478515625 0.17903645833333334
5 0.50830078125 0.5244140625 0.05078125 0.09049479166666667
1 0.587890625 0.568359375 0.05078125 0.05859375
1 0.51318359375 0.5882161458333334 0.06640625 0.013671875
16 0.456787109375 0.6149088541666666 0.06982421875 0.047526041666666664
12 0.405029296875 0.5859375 0.15576171875 0.06380208333333333
11 0.31005859375 0.5501302083333334 0.05859375 0.12760416666666666
10 0.259033203125 0.5992838541666666 0.03662109375 0.095703125
14 0.2685546875 0.6780598958333334 0.0380859375 0.059244791666666664
17 0.47265625 0.5758463541666666 0.392578125 0.22981770833333334
