1 0.491943359375 0.5582682291666666 0.27880859375 0.046223958333333336
5 0.43017578125 0.4309895833333333 0.0830078125 0.10677083333333333
7 0.368896484375 0.3619791666666667 0.07177734375 0.24479166666666666
8 0.54638671875 0.4010416666666667 0.1376953125 0.22265625
8 0.438232421875 0.3610026041666667 0.07763671875 0.130859375
9 0.611572265625 0.3974609375 0.06005859375 0.12174479166666667
10 0.53173828125 0.4658203125 0.0966796875 0.080078125
10 0.40673828125 0.4947916666666667 0.19140625 0.08984375
10 0.450439453125 0.5126953125 0.19873046875 0.083984375
12 0.32568359375 0.4459635416666667 0.05078125 0.08463541666666667
17 0.4736328125 0.4622395833333333 0.494140625 0.4830729166666667
