10 0.264892578125 0.5530598958333334 0.04736328125 0.154296875
12 0.26123046875 0.9026692708333334 0.0732421875 0.19466145833333334
9 0.460693359375 0.4352213541666667 0.06787109375 0.166015625
5 0.520751953125 0.4046223958333333 0.05908203125 0.14127604166666666
14 0.663330078125 0.3974609375 0.08837890625 0.11002604166666667
7 0.16064453125 0.6500651041666666 0.0869140625 0.19596354166666666
17 0.6337890625 0.4593098958333333 0.6201171875 0.498046875
8 0.77001953125 0.3922526041666667 0.1708984375 0.126953125
8 0.26025390625 0.6826171875 0.1474609375 0.12434895833333333
11 0.784423828125 0.5227864583333334 0.11572265625 0.08072916666666667
16 0.395263671875 0.4069010416666667 0.03857421875 0.055989583333333336
13 0.60498046875 0.4947916666666667 0.076171875 0.12239583333333333
0 0.46630859375 0.5716145833333334 0.18359375 0.09114583333333333
0 0.64794921875 0.580078125 0.115234375 0.10807291666666667
0 0.73046875 0.5436197916666666 0.0361328125 0.10546875
10 0.61767578125 0.2897135416666667 0.08203125 0.2955729166666667
0 0.5322265625 0.3313802083333333 0.1337890625 0.07161458333333333
11 0.51513671875 0.2877604166666667 0.052734375 0.08854166666666667
9 0.5625 0.3333333333333333 0.0498046875 0.09895833333333333
10 0.44580078125 0.357421875 0.10546875 0.06901041666666667
1 0.3984375 0.4622395833333333 0.0654296875 0.041666666666666664
10 0.7021484375 0.4739583333333333 0.1376953125 0.09114583333333333
6 0.962646484375 0.9222005208333334 0.07470703125 0.06315104166666667
