0 0.451171875 0.3733723958333333 0.08984375 0.11002604166666667
0 0.760009765625 0.4225260416666667 0.06689453125 0.041666666666666664
0 0.59130859375 0.4195963541666667 0.03125 0.072265625
1 0.247802734375 0.3681640625 0.17724609375 0.115234375
2 0.698974609375 0.5123697916666666 0.16357421875 0.15755208333333334
5 0.55810546875 0.3271484375 0.09375 0.12434895833333333
6 0.48095703125 0.3551432291666667 0.08984375 0.072265625
7 0.36474609375 0.2981770833333333 0.0859375 0.33984375
9 0.65576171875 0.6448567708333334 0.16015625 0.181640625
10 0.566650390625 0.4632161458333333 0.10400390625 0.14518229166666666
10 0.419921875 0.5048828125 0.265625 0.119140625
12 0.401123046875 0.5745442708333334 0.34033203125 0.17252604166666666
13 0.635498046875 0.3782552083333333 0.07080078125 0.10286458333333333
14 0.70849609375 0.4934895833333333 0.126953125 0.14583333333333334
16 0.525146484375 0.6875 0.13330078125 0.11848958333333333
17 0.440185546875 0.5071614583333334 0.70654296875 0.7825520833333334
