10 0.430908203125 0.3723958333333333 0.04345703125 0.19791666666666666
10 0.111083984375 0.7054036458333334 0.06494140625 0.14908854166666666
9 0.484375 0.3655598958333333 0.041015625 0.068359375
17 0.54638671875 0.44140625 0.5009765625 0.5
6 0.4697265625 0.5240885416666666 0.1259765625 0.07291666666666667
10 0.541015625 0.3658854166666667 0.056640625 0.057291666666666664
12 0.578125 0.3307291666666667 0.0439453125 0.18489583333333334
8 0.6298828125 0.4886067708333333 0.140625 0.13736979166666666
7 0.718505859375 0.3935546875 0.06298828125 0.21419270833333334
10 0.173828125 0.6686197916666666 0.08984375 0.2109375
12 0.578369140625 0.3264973958333333 0.04443359375 0.17513020833333334
7 0.53564453125 0.4869791666666667 0.0576171875 0.13411458333333334
8 0.477294921875 0.4475911458333333 0.06103515625 0.095703125
6 0.65283203125 0.3850911458333333 0.0166015625 0.06705729166666667
2 0.648193359375 0.4069010416666667 0.07958984375 0.046875
5 0.62548828125 0.3639322916666667 0.0478515625 0.045572916666666664
5 0.125732421875 0.8173828125 0.08447265625 0.099609375
5 0.201904296875 0.8206380208333334 0.06982421875 0.09309895833333333
7 0.932861328125 0.6334635416666666 0.11083984375 0.2552083333333333
7 0.89501953125 0.8313802083333334 0.0849609375 0.20442708333333334
10 0.958251953125 0.380859375 0.08349609375 0.2890625
10 0.961669921875 0.8001302083333334 0.06298828125 0.203125
1 0.395751953125 0.4674479166666667 0.02294921875 0.08203125
