0 0.360107421875 0.3974609375 0.08056640625 0.044921875
1 0.685546875 0.6051432291666666 0.2236328125 0.2545572916666667
1 0.24658203125 0.5807291666666666 0.0419921875 0.3046875
5 0.527587890625 0.4352213541666667 0.07763671875 0.12955729166666666
7 0.439453125 0.3876953125 0.140625 0.423828125
8 0.621826171875 0.3017578125 0.22314453125 0.24934895833333334
8 0.35986328125 0.3046875 0.146484375 0.1953125
10 0.63916015625 0.4235026041666667 0.1728515625 0.10611979166666667
10 0.640380859375 0.5764973958333334 0.20849609375 0.23502604166666666
10 0.5234375 0.5546875 0.21875 0.24739583333333334
10 0.54150390625 0.3297526041666667 0.046875 0.08919270833333333
12 0.354248046875 0.4860026041666667 0.10400390625 0.248046875
17 0.419189453125 0.5491536458333334 0.81982421875 0.9016927083333334
