0 0.411865234375 0.3092447916666667 0.09814453125 0.048177083333333336
1 0.552978515625 0.3492838541666667 0.13720703125 0.009765625
2 0.622802734375 0.3681640625 0.05908203125 0.07747395833333333
7 0.45654296875 0.21061197916666666 0.1259765625 0.07486979166666667
8 0.5927734375 0.2897135416666667 0.0986328125 0.08463541666666667
9 0.450927734375 0.2744140625 0.04541015625 0.064453125
9 0.54150390625 0.2962239583333333 0.0478515625 0.053385416666666664
9 0.51708984375 0.349609375 0.052734375 0.08333333333333333
10 0.63720703125 0.3434244791666667 0.0556640625 0.046223958333333336
10 0.585693359375 0.3486328125 0.05419921875 0.095703125
10 0.572998046875 0.4573567708333333 0.08154296875 0.11783854166666667
11 0.59619140625 0.4173177083333333 0.0576171875 0.0390625
14 0.455810546875 0.3424479166666667 0.05517578125 0.09635416666666667
15 0.536376953125 0.3893229166666667 0.09716796875 0.06770833333333333
17 0.537353515625 0.33203125 0.33251953125 0.40625
