10 0.953125 0.6725260416666666 0.0634765625 0.18359375
10 0.707763671875 0.5361328125 0.08154296875 0.11263020833333333
17 0.14599609375 0.11979166666666667 0.291015625 0.23828125
10 0.32861328125 0.8951822916666666 0.0859375 0.20963541666666666
9 0.63916015625 0.5231119791666666 0.08984375 0.09700520833333333
6 0.435546875 0.4352213541666667 0.0791015625 0.06705729166666667
7 0.65234375 0.4010416666666667 0.1767578125 0.1015625
3 0.668701171875 0.6302083333333334 0.31396484375 0.2513020833333333
4 0.569580078125 0.5830078125 0.07763671875 0.12434895833333333
6 0.7080078125 0.6136067708333334 0.1318359375 0.08268229166666667
5 0.43603515625 0.4957682291666667 0.080078125 0.10221354166666667
2 0.504150390625 0.4420572916666667 0.07275390625 0.07682291666666667
6 0.468505859375 0.4189453125 0.06103515625 0.046223958333333336
1 0.63623046875 0.4736328125 0.2412109375 0.022786458333333332
1 0.77880859375 0.5338541666666666 0.017578125 0.1171875
13 0.55908203125 0.4749348958333333 0.0703125 0.091796875
17 0.6103515625 0.5651041666666666 0.5263671875 0.4348958333333333
