1 0.283447265625 0.5712890625 0.04248046875 0.025390625
9 0.325439453125 0.5592447916666666 0.04443359375 0.09244791666666667
9 0.5498046875 0.5810546875 0.083984375 0.06575520833333333
10 0.4560546875 0.5524088541666666 0.1142578125 0.031901041666666664
10 0.499267578125 0.51953125 0.06494140625 0.037760416666666664
10 0.445068359375 0.4654947916666667 0.04443359375 0.11848958333333333
12 0.4345703125 0.5891927083333334 0.1767578125 0.07161458333333333
13 0.54833984375 0.5042317708333334 0.0400390625 0.039713541666666664
14 0.501220703125 0.4733072916666667 0.06005859375 0.06770833333333333
16 0.496826171875 0.611328125 0.05712890625 0.03515625
17 0.497802734375 0.5657552083333334 0.40576171875 0.3255208333333333
