10 0.605224609375 0.6383463541666666 0.02685546875 0.09049479166666667
7 0.50439453125 0.5719401041666666 0.0341796875 0.14908854166666666
10 0.5234375 0.6380208333333334 0.0283203125 0.10807291666666667
17 0.390869140625 0.6920572916666666 0.38525390625 0.3828125
12 0.393798828125 0.5979817708333334 0.04052734375 0.16341145833333334
5 0.45458984375 0.623046875 0.0419921875 0.11067708333333333
10 0.55810546875 0.5810546875 0.0263671875 0.08919270833333333
9 0.3505859375 0.732421875 0.0419921875 0.08984375
13 0.365478515625 0.6901041666666666 0.03662109375 0.053385416666666664
10 0.597412109375 0.5670572916666666 0.02001953125 0.052083333333333336
16 0.34326171875 0.6471354166666666 0.0419921875 0.06770833333333333
2 0.44384765625 0.5589192708333334 0.0498046875 0.057942708333333336
5 0.29638671875 0.6116536458333334 0.0478515625 0.046223958333333336
14 0.28271484375 0.6591796875 0.052734375 0.057942708333333336
2 0.2919921875 0.6917317708333334 0.0771484375 0.054036458333333336
4 0.487548828125 0.7119140625 0.04833984375 0.06315104166666667
