9 0.66650390625 0.3388671875 0.056640625 0.07096354166666667
7 0.144775390625 0.6279296875 0.07568359375 0.134765625
12 0.508544921875 0.27734375 0.06298828125 0.19921875
12 0.4453125 0.3115234375 0.0625 0.2532552083333333
13 0.879150390625 0.8017578125 0.05908203125 0.09049479166666667
3 0.566162109375 0.20930989583333334 0.17333984375 0.12044270833333333
8 0.19775390625 0.744140625 0.2197265625 0.12369791666666667
14 0.905029296875 0.7301432291666666 0.06494140625 0.059244791666666664
7 0.5625 0.3274739583333333 0.0517578125 0.109375
16 0.84716796875 0.7347005208333334 0.048828125 0.055338541666666664
12 0.33251953125 0.7275390625 0.0546875 0.17252604166666666
17 0.529296875 0.4231770833333333 0.560546875 0.546875
2 0.361328125 0.3317057291666667 0.0986328125 0.09830729166666667
7 0.090576171875 0.6292317708333334 0.06298828125 0.13736979166666666
14 0.119873046875 0.86328125 0.08447265625 0.10807291666666667
6 0.838623046875 0.7047526041666666 0.08935546875 0.031901041666666664
8 0.5634765625 0.4694010416666667 0.169921875 0.17578125
1 0.636474609375 0.4046223958333333 0.10986328125 0.13216145833333334
4 0.336669921875 0.447265625 0.07666015625 0.08723958333333333
4 0.43603515625 0.4983723958333333 0.0771484375 0.08528645833333333
2 0.66650390625 0.4303385416666667 0.1142578125 0.109375
7 0.05029296875 0.7526041666666666 0.0986328125 0.21354166666666666
10 0.929443359375 0.8229166666666666 0.10595703125 0.21744791666666666
