0 0.33349609375 0.4599609375 0.123046875 0.10091145833333333
2 0.581787109375 0.4127604166666667 0.10205078125 0.08203125
3 0.509765625 0.533203125 0.2431640625 0.2916666666666667
6 0.431884765625 0.3951822916666667 0.05810546875 0.055989583333333336
9 0.348876953125 0.3984375 0.06982421875 0.11588541666666667
10 0.55712890625 0.4733072916666667 0.125 0.09114583333333333
10 0.5927734375 0.3759765625 0.1005859375 0.08138020833333333
12 0.48193359375 0.3548177083333333 0.0625 0.24739583333333334
14 0.391845703125 0.4778645833333333 0.09228515625 0.11328125
17 0.482177734375 0.4518229166666667 0.60400390625 0.4934895833333333
