10 0.642333984375 0.6676432291666666 0.03076171875 0.10872395833333333
10 0.6845703125 0.6956380208333334 0.0244140625 0.12565104166666666
16 0.60302734375 0.732421875 0.0234375 0.041666666666666664
2 0.361083984375 0.6682942708333334 0.06884765625 0.07356770833333333
13 0.451171875 0.6018880208333334 0.03125 0.054036458333333336
13 0.6337890625 0.7532552083333334 0.0322265625 0.046875
14 0.52099609375 0.5953776041666666 0.046875 0.043619791666666664
14 0.473876953125 0.6321614583333334 0.04248046875 0.06380208333333333
17 0.392578125 0.6962890625 0.384765625 0.3951822916666667
7 0.2958984375 0.6263020833333334 0.052734375 0.16276041666666666
9 0.454833984375 0.5579427083333334 0.03076171875 0.04296875
10 0.6640625 0.7545572916666666 0.03515625 0.11328125
12 0.420654296875 0.5973307291666666 0.03955078125 0.15299479166666666
6 0.362060546875 0.5830078125 0.02490234375 0.055338541666666664
2 0.359375 0.7203776041666666 0.068359375 0.044921875
0 0.277587890625 0.7233072916666666 0.03857421875 0.07942708333333333
5 0.52783203125 0.65625 0.048828125 0.09114583333333333
4 0.48095703125 0.6868489583333334 0.0419921875 0.06770833333333333
8 0.39208984375 0.5804036458333334 0.033203125 0.076171875
