1 0.513916015625 0.455078125 0.16943359375 0.07682291666666667
5 0.568115234375 0.3743489583333333 0.02197265625 0.05078125
6 0.463623046875 0.4000651041666667 0.03369140625 0.033203125
7 0.607666015625 0.3385416666666667 0.05126953125 0.19661458333333334
8 0.595703125 0.3098958333333333 0.1181640625 0.09895833333333333
8 0.4921875 0.3460286458333333 0.1572265625 0.12565104166666666
10 0.645263671875 0.4036458333333333 0.03955078125 0.08333333333333333
10 0.683349609375 0.3990885416666667 0.03759765625 0.09114583333333333
10 0.6484375 0.3694661458333333 0.0361328125 0.033203125
12 0.540771484375 0.4078776041666667 0.12744140625 0.091796875
17 0.579833984375 0.3837890625 0.42431640625 0.349609375
