0 0.552490234375 0.2825520833333333 0.09326171875 0.0390625
1 0.400634765625 0.5172526041666666 0.23681640625 0.111328125
5 0.55810546875 0.3450520833333333 0.0556640625 0.10416666666666667
8 0.331787109375 0.4078776041666667 0.19775390625 0.146484375
9 0.557373046875 0.4759114583333333 0.06298828125 0.14973958333333334
10 0.7041015625 0.4423828125 0.1025390625 0.091796875
10 0.572265625 0.3971354166666667 0.0869140625 0.0625
10 0.47412109375 0.2779947916666667 0.0712890625 0.27734375
11 0.631591796875 0.4462890625 0.04736328125 0.20638020833333334
12 0.473876953125 0.365234375 0.08544921875 0.3111979166666667
14 0.427001953125 0.3017578125 0.03271484375 0.080078125
16 0.691650390625 0.3987630208333333 0.04736328125 0.020182291666666668
17 0.525146484375 0.3876953125 0.56396484375 0.5227864583333334
