0 0.526611328125 0.294921875 0.06689453125 0.07942708333333333
1 0.46826171875 0.3369140625 0.1015625 0.10091145833333333
2 0.432373046875 0.4410807291666667 0.12744140625 0.146484375
6 0.552734375 0.4449869791666667 0.126953125 0.043619791666666664
7 0.60205078125 0.24772135416666666 0.1103515625 0.154296875
9 0.457275390625 0.3151041666666667 0.05322265625 0.0703125
9 0.580322265625 0.3167317708333333 0.05029296875 0.095703125
10 0.5400390625 0.384765625 0.177734375 0.078125
10 0.417236328125 0.3170572916666667 0.05029296875 0.11458333333333333
10 0.425537109375 0.4147135416666667 0.08154296875 0.078125
10 0.334716796875 0.3287760416666667 0.12255859375 0.09505208333333333
11 0.361572265625 0.404296875 0.05908203125 0.09505208333333333
14 0.501708984375 0.3118489583333333 0.06298828125 0.09244791666666667
17 0.468505859375 0.3902994791666667 0.59033203125 0.4381510416666667
