0 0.5087890625 0.3258463541666667 0.1337890625 0.031901041666666664
0 0.632080078125 0.5139973958333334 0.12744140625 0.09700520833333333
0 0.695068359375 0.44140625 0.07568359375 0.05859375
0 0.673828125 0.3948567708333333 0.0390625 0.039713541666666664
1 0.42138671875 0.47265625 0.0810546875 0.13541666666666666
1 0.399658203125 0.3525390625 0.08642578125 0.025390625
5 0.48583984375 0.4010416666666667 0.056640625 0.13932291666666666
8 0.541259765625 0.2981770833333333 0.09326171875 0.057291666666666664
9 0.533447265625 0.4267578125 0.07470703125 0.17252604166666666
9 0.33935546875 0.34765625 0.0498046875 0.1015625
10 0.468994140625 0.2646484375 0.07080078125 0.271484375
10 0.56591796875 0.3766276041666667 0.041015625 0.08528645833333333
10 0.43212890625 0.4215494791666667 0.0439453125 0.10611979166666667
10 0.29736328125 0.4361979166666667 0.1162109375 0.11328125
11 0.660400390625 0.3583984375 0.05224609375 0.044921875
11 0.291015625 0.3235677083333333 0.05859375 0.12239583333333333
12 0.3974609375 0.2659505208333333 0.076171875 0.232421875
13 0.6220703125 0.3968098958333333 0.076171875 0.11263020833333333
14 0.59375 0.3264973958333333 0.072265625 0.095703125
16 0.34521484375 0.4873046875 0.0771484375 0.068359375
17 0.532958984375 0.3916015625 0.55908203125 0.5397135416666666
