1 0.39111328125 0.6295572916666666 0.1611328125 0.07161458333333333
7 0.384765625 0.5817057291666666 0.150390625 0.080078125
9 0.505859375 0.5826822916666666 0.0537109375 0.10677083333333333
9 0.560791015625 0.4957682291666667 0.03271484375 0.021484375
10 0.50537109375 0.5426432291666666 0.078125 0.08268229166666667
10 0.489990234375 0.5244140625 0.04931640625 0.030598958333333332
10 0.31884765625 0.5065104166666666 0.0517578125 0.14973958333333334
12 0.571044921875 0.5511067708333334 0.05419921875 0.10481770833333333
14 0.49658203125 0.4986979166666667 0.0625 0.045572916666666664
14 0.392578125 0.4886067708333333 0.060546875 0.057942708333333336
16 0.59326171875 0.5416666666666666 0.0234375 0.02734375
15 0.572021484375 0.5377604166666666 0.10400390625 0.08723958333333333
17 0.47900390625 0.5595703125 0.40234375 0.3170572916666667
