9 0.529052734375 0.6634114583333334 0.03564453125 0.0859375
10 0.642333984375 0.6682942708333334 0.03076171875 0.10872395833333333
12 0.412353515625 0.5921223958333334 0.03955078125 0.134765625
7 0.374267578125 0.5439453125 0.03857421875 0.138671875
10 0.6845703125 0.6959635416666666 0.0244140625 0.12630208333333334
17 0.3828125 0.6907552083333334 0.3876953125 0.40625
10 0.66357421875 0.7545572916666666 0.0361328125 0.11197916666666667
16 0.603759765625 0.732421875 0.02490234375 0.041666666666666664
14 0.41650390625 0.6875 0.0439453125 0.06770833333333333
13 0.477783203125 0.6578776041666666 0.04248046875 0.052734375
2 0.330322265625 0.5885416666666666 0.05322265625 0.06380208333333333
13 0.633544921875 0.7532552083333334 0.03369140625 0.048177083333333336
2 0.33251953125 0.6373697916666666 0.0546875 0.044270833333333336
12 0.41064453125 0.5895182291666666 0.037109375 0.12825520833333334
14 0.454345703125 0.708984375 0.05419921875 0.06510416666666667
4 0.340576171875 0.7083333333333334 0.03857421875 0.0703125
5 0.374755859375 0.734375 0.06298828125 0.08854166666666667
4 0.483642578125 0.6057942708333334 0.04541015625 0.043619791666666664
