10 0.125732421875 0.6158854166666666 0.06689453125 0.16666666666666666
9 0.353271484375 0.2526041666666667 0.05517578125 0.12630208333333334
12 0.643798828125 0.2962239583333333 0.06591796875 0.2526041666666667
8 0.19482421875 0.7457682291666666 0.212890625 0.12565104166666666
7 0.43115234375 0.3623046875 0.06640625 0.2845052083333333
12 0.232421875 0.9381510416666666 0.0830078125 0.12369791666666667
7 0.048828125 0.7604166666666666 0.0947265625 0.22135416666666666
13 0.87890625 0.8017578125 0.05859375 0.091796875
14 0.905029296875 0.73046875 0.06494140625 0.061197916666666664
6 0.83740234375 0.7047526041666666 0.095703125 0.030598958333333332
4 0.2158203125 0.5374348958333334 0.0361328125 0.038411458333333336
16 0.85107421875 0.7340494791666666 0.0517578125 0.052734375
17 0.537841796875 0.4182942708333333 0.56591796875 0.5045572916666666
10 0.5205078125 0.2613932291666667 0.0673828125 0.24934895833333334
14 0.905029296875 0.7301432291666666 0.06689453125 0.061848958333333336
14 0.120361328125 0.8639322916666666 0.08447265625 0.109375
11 0.4013671875 0.5026041666666666 0.095703125 0.09114583333333333
0 0.308837890625 0.4527994791666667 0.11669921875 0.057942708333333336
0 0.302978515625 0.3951822916666667 0.05712890625 0.06770833333333333
2 0.366943359375 0.4055989583333333 0.07470703125 0.09114583333333333
8 0.60302734375 0.4482421875 0.2080078125 0.15559895833333334
1 0.686279296875 0.4417317708333333 0.01806640625 0.11002604166666667
5 0.35986328125 0.3391927083333333 0.06640625 0.046875
12 0.326904296875 0.6946614583333334 0.05712890625 0.19661458333333334
10 0.9306640625 0.826171875 0.1064453125 0.22526041666666666
