0 0.3662109375 0.3577473958333333 0.025390625 0.059244791666666664
0 0.505615234375 0.2747395833333333 0.12060546875 0.036458333333333336
1 0.541259765625 0.5305989583333334 0.28173828125 0.0390625
8 0.39990234375 0.4544270833333333 0.2548828125 0.19270833333333334
9 0.669189453125 0.4280598958333333 0.06201171875 0.13736979166666666
10 0.51416015625 0.2991536458333333 0.078125 0.3053385416666667
11 0.7119140625 0.3811848958333333 0.056640625 0.16731770833333334
11 0.304931640625 0.39453125 0.06787109375 0.0546875
12 0.594970703125 0.3483072916666667 0.07666015625 0.2981770833333333
14 0.4033203125 0.3212890625 0.0732421875 0.09309895833333333
16 0.6435546875 0.3531901041666667 0.04296875 0.039713541666666664
17 0.53515625 0.3876953125 0.548828125 0.513671875
