0 0.24560546875 0.5055338541666666 0.171875 0.12434895833333333
1 0.389404296875 0.4270833333333333 0.15576171875 0.048177083333333336
2 0.4970703125 0.4072265625 0.09765625 0.10221354166666667
3 0.459228515625 0.5651041666666666 0.29833984375 0.3203125
7 0.24462890625 0.3382161458333333 0.1630859375 0.150390625
9 0.403076171875 0.4794921875 0.06201171875 0.12174479166666667
9 0.2626953125 0.4521484375 0.0625 0.14388020833333334
10 0.5205078125 0.353515625 0.0517578125 0.06510416666666667
10 0.47216796875 0.3994140625 0.0537109375 0.16471354166666666
10 0.34130859375 0.4173177083333333 0.0927734375 0.07161458333333333
10 0.5302734375 0.5397135416666666 0.115234375 0.1328125
11 0.52880859375 0.4733072916666667 0.06640625 0.0625
14 0.3203125 0.5035807291666666 0.095703125 0.11653645833333333
17 0.378662109375 0.5143229166666666 0.60791015625 0.5065104166666666
