10 0.12548828125 0.6158854166666666 0.0673828125 0.16666666666666666
7 0.541015625 0.24348958333333334 0.056640625 0.1484375
9 0.6611328125 0.283203125 0.0595703125 0.1484375
12 0.3505859375 0.3050130208333333 0.064453125 0.259765625
10 0.6142578125 0.416015625 0.0498046875 0.19791666666666666
8 0.205322265625 0.7467447916666666 0.19677734375 0.125
8 0.413818359375 0.3307291666666667 0.06787109375 0.11848958333333333
10 0.47119140625 0.2854817708333333 0.068359375 0.2897135416666667
4 0.2158203125 0.5380859375 0.0361328125 0.035807291666666664
16 0.84765625 0.7340494791666666 0.046875 0.054036458333333336
12 0.233154296875 0.9384765625 0.08056640625 0.123046875
13 0.87841796875 0.8011067708333334 0.0576171875 0.09049479166666667
7 0.0498046875 0.7659505208333334 0.0986328125 0.24153645833333334
6 0.838623046875 0.7044270833333334 0.09326171875 0.029947916666666668
10 0.421875 0.4938151041666667 0.1005859375 0.13606770833333334
17 0.515869140625 0.376953125 0.51025390625 0.4544270833333333
11 0.308349609375 0.4202473958333333 0.07080078125 0.173828125
14 0.904541015625 0.73046875 0.06689453125 0.061197916666666664
5 0.54443359375 0.3958333333333333 0.0625 0.13932291666666666
14 0.11767578125 0.8639322916666666 0.0849609375 0.10807291666666667
7 0.09130859375 0.7356770833333334 0.0537109375 0.1171875
15 0.247314453125 0.66015625 0.08447265625 0.04296875
12 0.327392578125 0.693359375 0.05419921875 0.17317708333333334
0 0.70654296875 0.4378255208333333 0.03515625 0.10221354166666667
5 0.6630859375 0.4029947916666667 0.0537109375 0.10286458333333333
10 0.92919921875 0.8255208333333334 0.111328125 0.22395833333333334
