0 0.516845703125 0.3453776041666667 0.03173828125 0.060546875
1 0.5654296875 0.55078125 0.2900390625 0.049479166666666664
0 0.47412109375 0.4368489583333333 0.06640625 0.022135416666666668
2 0.548828125 0.3844401041666667 0.0830078125 0.059244791666666664
4 0.4921875 0.4007161458333333 0.0458984375 0.042317708333333336
5 0.4169921875 0.4241536458333333 0.080078125 0.095703125
6 0.421142578125 0.4986979166666667 0.05712890625 0.0625
7 0.60009765625 0.3723958333333333 0.056640625 0.2265625
10 0.5380859375 0.4166666666666667 0.072265625 0.05859375
10 0.66259765625 0.43359375 0.0703125 0.07942708333333333
11 0.34521484375 0.4430338541666667 0.0673828125 0.064453125
12 0.541015625 0.4807942708333333 0.19140625 0.07877604166666667
12 0.69384765625 0.4296875 0.11328125 0.1015625
14 0.556396484375 0.3538411458333333 0.05322265625 0.054036458333333336
17 0.48193359375 0.46484375 0.53515625 0.4765625
