0 0.574462890625 0.4010416666666667 0.04931640625 0.033854166666666664
0 0.318603515625 0.4290364583333333 0.04248046875 0.032552083333333336
1 0.65673828125 0.4371744791666667 0.0771484375 0.042317708333333336
2 0.328369140625 0.4524739583333333 0.09814453125 0.061197916666666664
4 0.34765625 0.5052083333333334 0.0751953125 0.0546875
5 0.523681640625 0.46484375 0.09521484375 0.09114583333333333
6 0.6083984375 0.4752604166666667 0.08984375 0.044270833333333336
7 0.506591796875 0.3336588541666667 0.06298828125 0.189453125
10 0.41357421875 0.4055989583333333 0.087890625 0.05078125
10 0.423828125 0.4420572916666667 0.0966796875 0.045572916666666664
11 0.5654296875 0.5257161458333334 0.087890625 0.068359375
12 0.40673828125 0.3896484375 0.119140625 0.068359375
13 0.451904296875 0.4860026041666667 0.06787109375 0.09309895833333333
14 0.323486328125 0.4189453125 0.07470703125 0.06966145833333333
17 0.478271484375 0.4794921875 0.53857421875 0.4876302083333333
