0 0.552490234375 0.314453125 0.06201171875 0.045572916666666664
0 0.706787109375 0.439453125 0.03271484375 0.10286458333333333
0 0.681640625 0.3824869791666667 0.04296875 0.030598958333333332
1 0.53369140625 0.4847005208333333 0.232421875 0.087890625
5 0.54443359375 0.3870442708333333 0.076171875 0.13997395833333334
8 0.437255859375 0.328125 0.11474609375 0.09375
9 0.629638671875 0.4052734375 0.07666015625 0.17643229166666666
10 0.399169921875 0.4967447916666667 0.08447265625 0.140625
10 0.494873046875 0.4313151041666667 0.11669921875 0.09049479166666667
10 0.447509765625 0.275390625 0.07177734375 0.2721354166666667
11 0.3056640625 0.4140625 0.083984375 0.17838541666666666
12 0.353271484375 0.3011067708333333 0.07470703125 0.2701822916666667
14 0.5595703125 0.2991536458333333 0.072265625 0.07877604166666667
16 0.51416015625 0.5234375 0.076171875 0.07161458333333333
17 0.533203125 0.3844401041666667 0.572265625 0.5084635416666666
