0 0.470703125 0.3597005208333333 0.078125 0.033203125
0 0.557373046875 0.2513020833333333 0.03076171875 0.10026041666666667
1 0.489990234375 0.5989583333333334 0.39794921875 0.16145833333333334
2 0.576416015625 0.306640625 0.05224609375 0.0625
4 0.517822265625 0.314453125 0.06884765625 0.06901041666666667
5 0.392822265625 0.3251953125 0.11181640625 0.130859375
6 0.358642578125 0.4280598958333333 0.11572265625 0.099609375
7 0.624267578125 0.3414713541666667 0.13818359375 0.3287760416666667
9 0.70263671875 0.3395182291666667 0.05078125 0.072265625
10 0.697998046875 0.4332682291666667 0.09130859375 0.173828125
10 0.545654296875 0.365234375 0.08837890625 0.06901041666666667
11 0.302490234375 0.3274739583333333 0.08740234375 0.078125
12 0.76416015625 0.4440104166666667 0.1435546875 0.19270833333333334
12 0.504638671875 0.4752604166666667 0.27099609375 0.17708333333333334
13 0.43505859375 0.3033854166666667 0.0478515625 0.08854166666666667
14 0.581298828125 0.2805989583333333 0.02197265625 0.0546875
17 0.44921875 0.4990234375 0.7568359375 0.7545572916666666
