10 0.12548828125 0.6155598958333334 0.0673828125 0.16731770833333334
6 0.836669921875 0.7093098958333334 0.08935546875 0.041015625
9 0.556640625 0.4772135416666667 0.064453125 0.13802083333333334
8 0.197509765625 0.7506510416666666 0.20751953125 0.12890625
5 0.558837890625 0.3356119791666667 0.05517578125 0.087890625
3 0.401611328125 0.5143229166666666 0.23486328125 0.11197916666666667
10 0.57275390625 0.396484375 0.087890625 0.057291666666666664
12 0.2314453125 0.9381510416666666 0.080078125 0.12369791666666667
11 0.6337890625 0.4466145833333333 0.0537109375 0.1953125
9 0.55859375 0.4733072916666667 0.0810546875 0.15755208333333334
8 0.32763671875 0.40234375 0.205078125 0.14583333333333334
10 0.69775390625 0.44140625 0.11328125 0.0859375
9 0.595703125 0.3177083333333333 0.0517578125 0.11197916666666667
0 0.55517578125 0.2858072916666667 0.103515625 0.03515625
14 0.4296875 0.2942708333333333 0.0419921875 0.08072916666666667
13 0.87939453125 0.7955729166666666 0.072265625 0.0859375
14 0.9052734375 0.7350260416666666 0.0693359375 0.07421875
10 0.93359375 0.822265625 0.1005859375 0.22265625
12 0.474609375 0.3645833333333333 0.0966796875 0.3046875
7 0.05126953125 0.7620442708333334 0.1015625 0.22200520833333334
7 0.0908203125 0.7389322916666666 0.0654296875 0.12109375
4 0.21435546875 0.53515625 0.048828125 0.052083333333333336
15 0.24951171875 0.6595052083333334 0.09375 0.04296875
12 0.33349609375 0.6901041666666666 0.0703125 0.1796875
17 0.5126953125 0.4192708333333333 0.5341796875 0.4036458333333333
