1 0.396484375 0.5533854166666666 0.2763671875 0.06770833333333333
5 0.406005859375 0.42578125 0.07177734375 0.11067708333333333
7 0.33154296875 0.3486328125 0.0615234375 0.201171875
8 0.524658203125 0.4287109375 0.17724609375 0.22330729166666666
8 0.44482421875 0.3518880208333333 0.1044921875 0.13736979166666666
9 0.626220703125 0.4430338541666667 0.06787109375 0.13346354166666666
10 0.47900390625 0.4860026041666667 0.0595703125 0.12174479166666667
10 0.35009765625 0.5065104166666666 0.1962890625 0.1015625
10 0.346923828125 0.4638671875 0.20458984375 0.07486979166666667
12 0.340087890625 0.4036458333333333 0.11474609375 0.078125
17 0.466064453125 0.451171875 0.50537109375 0.4713541666666667
