1 0.610107421875 0.455078125 0.05517578125 0.1015625
5 0.445556640625 0.3802083333333333 0.03955078125 0.06770833333333333
5 0.4267578125 0.4694010416666667 0.083984375 0.1015625
6 0.573974609375 0.4944661458333333 0.03466796875 0.034505208333333336
7 0.502197265625 0.294921875 0.04931640625 0.14453125
8 0.52685546875 0.4482421875 0.1435546875 0.22200520833333334
8 0.367919921875 0.3821614583333333 0.13232421875 0.16145833333333334
9 0.279052734375 0.4381510416666667 0.07275390625 0.15885416666666666
10 0.406494140625 0.4192708333333333 0.06787109375 0.05078125
11 0.4384765625 0.5452473958333334 0.0908203125 0.07877604166666667
13 0.353759765625 0.4661458333333333 0.06005859375 0.09375
17 0.46630859375 0.4664713541666667 0.5166015625 0.4837239583333333
