0 0.50048828125 0.4752604166666667 0.1142578125 0.06901041666666667
0 0.474365234375 0.3326822916666667 0.06298828125 0.14322916666666666
2 0.347412109375 0.5423177083333334 0.17822265625 0.15364583333333334
4 0.47119140625 0.5856119791666666 0.1103515625 0.138671875
5 0.593994140625 0.3863932291666667 0.09619140625 0.119140625
7 0.377685546875 0.23111979166666666 0.08740234375 0.2864583333333333
9 0.185302734375 0.5003255208333334 0.13818359375 0.20377604166666666
10 0.279541015625 0.3577473958333333 0.08056640625 0.14778645833333334
10 0.420166015625 0.4182942708333333 0.11865234375 0.07747395833333333
11 0.6875 0.4524739583333333 0.0810546875 0.1015625
12 0.20654296875 0.3463541666666667 0.0791015625 0.16927083333333334
12 0.482421875 0.326171875 0.1572265625 0.11458333333333333
13 0.58984375 0.470703125 0.0986328125 0.11458333333333333
14 0.331787109375 0.4762369791666667 0.13134765625 0.12825520833333334
16 0.13916015625 0.4339192708333333 0.060546875 0.083984375
17 0.4306640625 0.4658203125 0.712890625 0.8079427083333334
