0 0.66064453125 0.21061197916666666 0.07421875 0.080078125
1 0.53369140625 0.3577473958333333 0.1123046875 0.09309895833333333
2 0.501708984375 0.4645182291666667 0.15380859375 0.21549479166666666
7 0.774658203125 0.205078125 0.10986328125 0.2747395833333333
8 0.643798828125 0.5159505208333334 0.24951171875 0.3990885416666667
9 0.708984375 0.2731119791666667 0.0703125 0.13997395833333334
9 0.6259765625 0.3147786458333333 0.083984375 0.09830729166666667
9 0.567138671875 0.2841796875 0.06689453125 0.15169270833333334
10 0.40234375 0.24251302083333334 0.162109375 0.119140625
10 0.5126953125 0.2994791666666667 0.0673828125 0.1484375
10 0.512939453125 0.4632161458333333 0.08544921875 0.15950520833333334
10 0.644775390625 0.2701822916666667 0.13134765625 0.3072916666666667
11 0.432861328125 0.3610026041666667 0.07177734375 0.130859375
