0 0.627197265625 0.5146484375 0.01611328125 0.033203125
1 0.430908203125 0.6442057291666666 0.11181640625 0.083984375
2 0.648681640625 0.5563151041666666 0.07861328125 0.050130208333333336
5 0.492919921875 0.5432942708333334 0.05322265625 0.07356770833333333
6 0.419189453125 0.5852864583333334 0.02294921875 0.026041666666666668
7 0.537841796875 0.5442708333333334 0.05517578125 0.20833333333333334
9 0.698486328125 0.5768229166666666 0.05517578125 0.044270833333333336
10 0.585205078125 0.5712890625 0.06103515625 0.046223958333333336
10 0.61376953125 0.6018880208333334 0.072265625 0.07877604166666667
11 0.4521484375 0.5475260416666666 0.0244140625 0.024739583333333332
12 0.64990234375 0.6204427083333334 0.083984375 0.09895833333333333
12 0.477294921875 0.5947265625 0.08837890625 0.07877604166666667
14 0.645263671875 0.533203125 0.05615234375 0.045572916666666664
16 0.7021484375 0.6123046875 0.033203125 0.041015625
17 0.50537109375 0.583984375 0.4462890625 0.3932291666666667
