0 0.568603515625 0.2923177083333333 0.07861328125 0.05859375
0 0.679443359375 0.3831380208333333 0.04541015625 0.047526041666666664
1 0.315673828125 0.4645182291666667 0.05810546875 0.146484375
1 0.600341796875 0.453125 0.21435546875 0.049479166666666664
5 0.56787109375 0.3623046875 0.0595703125 0.107421875
8 0.346923828125 0.3538411458333333 0.16455078125 0.11783854166666667
9 0.396484375 0.470703125 0.0634765625 0.16015625
10 0.44775390625 0.2763671875 0.0712890625 0.2649739583333333
10 0.505615234375 0.3587239583333333 0.04345703125 0.055989583333333336
10 0.5595703125 0.4153645833333333 0.134765625 0.059895833333333336
10 0.578125 0.4990234375 0.15625 0.107421875
11 0.458984375 0.4720052083333333 0.0751953125 0.20963541666666666
12 0.372802734375 0.3011067708333333 0.07763671875 0.21158854166666666
13 0.536865234375 0.3326822916666667 0.02001953125 0.049479166666666664
14 0.50634765625 0.2952473958333333 0.0478515625 0.080078125
16 0.667236328125 0.4798177083333333 0.04248046875 0.061197916666666664
17 0.529296875 0.3955078125 0.572265625 0.4954427083333333
