0 0.393310546875 0.3671875 0.09814453125 0.057291666666666664
0 0.53466796875 0.3678385416666667 0.033203125 0.036458333333333336
0 0.70751953125 0.3212890625 0.0419921875 0.050130208333333336
1 0.270263671875 0.5045572916666666 0.07177734375 0.25
2 0.723388671875 0.3987630208333333 0.12744140625 0.095703125
4 0.646240234375 0.3756510416666667 0.03857421875 0.06770833333333333
6 0.37158203125 0.359375 0.1328125 0.040364583333333336
7 0.476806640625 0.3522135416666667 0.09521484375 0.3958333333333333
9 0.794189453125 0.5006510416666666 0.13037109375 0.125
10 0.61474609375 0.5221354166666666 0.19140625 0.16666666666666666
10 0.6162109375 0.408203125 0.15625 0.1015625
11 0.427978515625 0.3033854166666667 0.03369140625 0.057291666666666664
12 0.6591796875 0.5979817708333334 0.2099609375 0.212890625
12 0.374755859375 0.4261067708333333 0.09521484375 0.23372395833333334
13 0.556396484375 0.3229166666666667 0.06396484375 0.09114583333333333
14 0.728515625 0.3779296875 0.09765625 0.08919270833333333
16 0.77783203125 0.5823567708333334 0.0634765625 0.08919270833333333
17 0.472412109375 0.4973958333333333 0.77197265625 0.7838541666666666
