0 0.501708984375 0.6116536458333334 0.07763671875 0.056640625
1 0.626953125 0.5673828125 0.0390625 0.026692708333333332
0 0.39404296875 0.5709635416666666 0.0205078125 0.028645833333333332
2 0.392578125 0.59375 0.087890625 0.0546875
4 0.42529296875 0.6302083333333334 0.0498046875 0.032552083333333336
5 0.560546875 0.5865885416666666 0.068359375 0.07161458333333333
6 0.615966796875 0.5846354166666666 0.03857421875 0.032552083333333336
7 0.5029296875 0.4977213541666667 0.041015625 0.15950520833333334
9 0.3408203125 0.576171875 0.0625 0.0625
10 0.438720703125 0.5485026041666666 0.07373046875 0.041015625
10 0.458740234375 0.5797526041666666 0.07568359375 0.043619791666666664
11 0.609375 0.6220703125 0.0830078125 0.043619791666666664
12 0.564208984375 0.5481770833333334 0.08642578125 0.053385416666666664
12 0.419921875 0.5309244791666666 0.064453125 0.038411458333333336
13 0.514892578125 0.6067708333333334 0.06689453125 0.07291666666666667
14 0.381103515625 0.5670572916666666 0.05517578125 0.059895833333333336
