10 0.340576171875 0.3977864583333333 0.05224609375 0.18359375
7 0.14501953125 0.6282552083333334 0.07421875 0.13411458333333334
12 0.504638671875 0.2916666666666667 0.05908203125 0.24479166666666666
2 0.584716796875 0.3707682291666667 0.10791015625 0.11393229166666667
5 0.4443359375 0.3518880208333333 0.0673828125 0.06966145833333333
5 0.46630859375 0.4544270833333333 0.091796875 0.140625
13 0.878662109375 0.8011067708333334 0.05908203125 0.09049479166666667
8 0.193603515625 0.7434895833333334 0.20751953125 0.12369791666666667
12 0.57275390625 0.2571614583333333 0.0576171875 0.16145833333333334
16 0.8466796875 0.7340494791666666 0.0478515625 0.050130208333333336
17 0.5302734375 0.4108072916666667 0.5673828125 0.515625
4 0.673095703125 0.421875 0.05224609375 0.11458333333333333
10 0.971923828125 0.6533203125 0.05615234375 0.17122395833333334
7 0.41015625 0.3518880208333333 0.052734375 0.130859375
3 0.429443359375 0.28515625 0.31298828125 0.30078125
10 0.90478515625 0.7307942708333334 0.0654296875 0.059244791666666664
7 0.092041015625 0.630859375 0.05908203125 0.13541666666666666
14 0.903564453125 0.7311197916666666 0.06689453125 0.061197916666666664
6 0.837646484375 0.7044270833333334 0.08642578125 0.029947916666666668
7 0.048583984375 0.7578125 0.09423828125 0.23567708333333334
14 0.119873046875 0.8616536458333334 0.08935546875 0.11783854166666667
12 0.32421875 0.6969401041666666 0.064453125 0.189453125
0 0.494140625 0.546875 0.1943359375 0.0390625
2 0.587646484375 0.458984375 0.11181640625 0.08463541666666667
8 0.65087890625 0.3251953125 0.095703125 0.07486979166666667
10 0.936279296875 0.826171875 0.11572265625 0.21744791666666666
