17 0.39306640625 0.7044270833333334 0.369140625 0.3723958333333333
10 0.60498046875 0.6383463541666666 0.02734375 0.091796875
10 0.55908203125 0.58203125 0.0244140625 0.09244791666666667
10 0.3271484375 0.5748697916666666 0.0244140625 0.09114583333333333
6 0.369140625 0.5738932291666666 0.0263671875 0.054036458333333336
12 0.421142578125 0.5979817708333334 0.03564453125 0.15950520833333334
10 0.59716796875 0.5673828125 0.0205078125 0.052734375
2 0.334716796875 0.658203125 0.06884765625 0.08072916666666667
7 0.2958984375 0.5908203125 0.04296875 0.13606770833333334
5 0.510009765625 0.6813151041666666 0.05419921875 0.095703125
13 0.468994140625 0.6048177083333334 0.03759765625 0.037760416666666664
5 0.3720703125 0.6142578125 0.037109375 0.08268229166666667
14 0.531005859375 0.6207682291666666 0.04443359375 0.043619791666666664
2 0.3369140625 0.7057291666666666 0.078125 0.0546875
4 0.455322265625 0.7001953125 0.03369140625 0.076171875
14 0.471435546875 0.6484375 0.04150390625 0.05859375
9 0.486328125 0.5833333333333334 0.0302734375 0.06901041666666667
