10 0.719970703125 0.6917317708333334 0.02978515625 0.10091145833333333
7 0.421630859375 0.705078125 0.04736328125 0.18098958333333334
10 0.66845703125 0.6259765625 0.03125 0.10481770833333333
17 0.493408203125 0.7610677083333334 0.40576171875 0.4205729166666667
9 0.485107421875 0.6002604166666666 0.03173828125 0.0859375
10 0.375732421875 0.6800130208333334 0.02978515625 0.11263020833333333
12 0.5166015625 0.6126302083333334 0.0390625 0.13802083333333334
10 0.713623046875 0.6100260416666666 0.02294921875 0.057291666666666664
5 0.62060546875 0.6490885416666666 0.0458984375 0.08463541666666667
2 0.517333984375 0.7265625 0.07666015625 0.0859375
14 0.558837890625 0.6487630208333334 0.04541015625 0.06966145833333333
2 0.52197265625 0.7802734375 0.08203125 0.047526041666666664
5 0.4609375 0.6943359375 0.033203125 0.08268229166666667
0 0.41748046875 0.8157552083333334 0.10546875 0.055989583333333336
4 0.607421875 0.6956380208333334 0.048828125 0.059244791666666664
14 0.57666015625 0.59375 0.0537109375 0.046875
6 0.461181640625 0.6373697916666666 0.04638671875 0.036458333333333336
