10 0.227783203125 0.6471354166666666 0.03857421875 0.12630208333333334
10 0.799072265625 0.7913411458333334 0.04541015625 0.169921875
9 0.56396484375 0.5146484375 0.03515625 0.07096354166666667
8 0.711669921875 0.7347005208333334 0.08837890625 0.13346354166666666
6 0.2509765625 0.7220052083333334 0.0458984375 0.02734375
10 0.82958984375 0.7571614583333334 0.033203125 0.19921875
8 0.480224609375 0.5667317708333334 0.12939453125 0.119140625
14 0.37841796875 0.5205078125 0.0576171875 0.072265625
7 0.758544921875 0.9514973958333334 0.12744140625 0.09700520833333333
14 0.26904296875 0.6767578125 0.046875 0.051432291666666664
10 0.257080078125 0.5989583333333334 0.03466796875 0.08723958333333333
13 0.3232421875 0.5618489583333334 0.0478515625 0.06380208333333333
11 0.352294921875 0.6236979166666666 0.06591796875 0.0625
10 0.384521484375 0.5830078125 0.08056640625 0.055338541666666664
12 0.458984375 0.4752604166666667 0.0419921875 0.061197916666666664
11 0.55517578125 0.4720052083333333 0.037109375 0.0703125
7 0.77294921875 0.6920572916666666 0.0419921875 0.13541666666666666
17 0.476318359375 0.5735677083333334 0.38330078125 0.265625
