10 0.60498046875 0.6383463541666666 0.02734375 0.09049479166666667
7 0.413818359375 0.51171875 0.04052734375 0.08463541666666667
9 0.504150390625 0.6998697916666666 0.04248046875 0.09244791666666667
10 0.4765625 0.5641276041666666 0.025390625 0.09049479166666667
13 0.45458984375 0.6839192708333334 0.04296875 0.06575520833333333
17 0.385498046875 0.6832682291666666 0.36767578125 0.4134114583333333
10 0.559326171875 0.5810546875 0.02490234375 0.087890625
10 0.597412109375 0.5670572916666666 0.02001953125 0.052083333333333336
12 0.402587890625 0.5973307291666666 0.03857421875 0.14778645833333334
2 0.354248046875 0.5699869791666666 0.05029296875 0.057942708333333336
2 0.35400390625 0.6142578125 0.05078125 0.034505208333333336
4 0.50830078125 0.626953125 0.0439453125 0.0390625
14 0.3935546875 0.7213541666666666 0.0556640625 0.05859375
14 0.389404296875 0.6754557291666666 0.05517578125 0.038411458333333336
2 0.40625 0.7584635416666666 0.072265625 0.045572916666666664
