0 0.316162109375 0.6123046875 0.05810546875 0.030598958333333332
0 0.29443359375 0.5813802083333334 0.0380859375 0.032552083333333336
1 0.578369140625 0.5836588541666666 0.05810546875 0.08658854166666667
8 0.48486328125 0.5732421875 0.1083984375 0.10611979166666667
9 0.56787109375 0.5094401041666666 0.0380859375 0.07486979166666667
9 0.357666015625 0.4996744791666667 0.03662109375 0.076171875
10 0.385498046875 0.5797526041666666 0.08251953125 0.051432291666666664
10 0.522705078125 0.5296223958333334 0.07080078125 0.051432291666666664
10 0.428955078125 0.5123697916666666 0.09228515625 0.06510416666666667
11 0.55126953125 0.4733072916666667 0.044921875 0.07161458333333333
11 0.349853515625 0.6253255208333334 0.06591796875 0.064453125
13 0.3232421875 0.5602213541666666 0.0517578125 0.06575520833333333
14 0.37841796875 0.5172526041666666 0.06640625 0.07356770833333333
17 0.47119140625 0.5768229166666666 0.419921875 0.3580729166666667
