10 0.124267578125 0.6158854166666666 0.06787109375 0.16666666666666666
10 0.67578125 0.3509114583333333 0.0498046875 0.16796875
5 0.56787109375 0.3619791666666667 0.060546875 0.12890625
9 0.62451171875 0.2421875 0.056640625 0.11979166666666667
8 0.19970703125 0.7470703125 0.19921875 0.126953125
9 0.4365234375 0.4742838541666667 0.0693359375 0.13736979166666666
8 0.306396484375 0.3707682291666667 0.13232421875 0.12825520833333334
12 0.231201171875 0.9381510416666666 0.08056640625 0.12369791666666667
7 0.43310546875 0.2838541666666667 0.0458984375 0.23177083333333334
13 0.880859375 0.8020833333333334 0.056640625 0.0859375
9 0.4365234375 0.4752604166666667 0.0703125 0.13932291666666666
14 0.119140625 0.8629557291666666 0.0849609375 0.10872395833333333
14 0.904052734375 0.7317708333333334 0.06494140625 0.061197916666666664
10 0.611328125 0.4856770833333333 0.1474609375 0.10416666666666667
11 0.5068359375 0.4661458333333333 0.0712890625 0.22135416666666666
1 0.32763671875 0.4752604166666667 0.09765625 0.14322916666666666
12 0.39453125 0.3470052083333333 0.0732421875 0.2981770833333333
5 0.6220703125 0.34765625 0.0556640625 0.0859375
0 0.57080078125 0.2916666666666667 0.04296875 0.0546875
10 0.48388671875 0.2701822916666667 0.064453125 0.2513020833333333
12 0.3955078125 0.3470052083333333 0.0712890625 0.2903645833333333
2 0.53271484375 0.326171875 0.03125 0.06380208333333333
17 0.5009765625 0.3606770833333333 0.5126953125 0.4453125
12 0.32568359375 0.6881510416666666 0.05859375 0.16796875
10 0.93115234375 0.8235677083333334 0.111328125 0.22265625
6 0.841796875 0.705078125 0.0947265625 0.048177083333333336
16 0.8486328125 0.7356770833333334 0.0556640625 0.059895833333333336
7 0.0478515625 0.7513020833333334 0.0947265625 0.21354166666666666
15 0.248046875 0.6608072916666666 0.0810546875 0.053385416666666664
