0 0.587646484375 0.5748697916666666 0.05517578125 0.059895833333333336
1 0.516845703125 0.5901692708333334 0.07177734375 0.018880208333333332
4 0.57958984375 0.5514322916666666 0.0380859375 0.033854166666666664
5 0.5087890625 0.54296875 0.041015625 0.11848958333333333
9 0.547607421875 0.53515625 0.03955078125 0.10026041666666667
10 0.479248046875 0.5563151041666666 0.06396484375 0.048828125
10 0.4306640625 0.4938151041666667 0.0322265625 0.123046875
10 0.476806640625 0.5016276041666666 0.14306640625 0.080078125
11 0.31103515625 0.546875 0.048828125 0.11197916666666667
12 0.40576171875 0.5787760416666666 0.1572265625 0.061197916666666664
13 0.573486328125 0.5100911458333334 0.01611328125 0.048828125
14 0.50830078125 0.4609375 0.0517578125 0.029947916666666668
16 0.45849609375 0.6123046875 0.0625 0.050130208333333336
17 0.4697265625 0.5621744791666666 0.4052734375 0.3248697916666667
