7 0.529052734375 0.21516927083333334 0.05615234375 0.10611979166666667
9 0.63037109375 0.4560546875 0.07421875 0.14388020833333334
16 0.85009765625 0.7301432291666666 0.048828125 0.054036458333333336
13 0.871826171875 0.7972005208333334 0.05419921875 0.087890625
10 0.61328125 0.2887369791666667 0.0380859375 0.10872395833333333
10 0.97216796875 0.6468098958333334 0.0546875 0.173828125
13 0.555419921875 0.4365234375 0.06787109375 0.10091145833333333
2 0.428955078125 0.2864583333333333 0.06787109375 0.08203125
10 0.040283203125 0.6995442708333334 0.07958984375 0.189453125
12 0.488525390625 0.2965494791666667 0.05908203125 0.24153645833333334
8 0.193603515625 0.7425130208333334 0.20361328125 0.12434895833333333
17 0.5380859375 0.419921875 0.5439453125 0.5065104166666666
5 0.33935546875 0.4368489583333333 0.0869140625 0.13802083333333334
7 0.143798828125 0.6263020833333334 0.07080078125 0.1328125
6 0.56005859375 0.2779947916666667 0.0927734375 0.03515625
5 0.545166015625 0.330078125 0.05517578125 0.09505208333333333
14 0.440673828125 0.4280598958333333 0.09130859375 0.107421875
10 0.611328125 0.2877604166666667 0.0419921875 0.11067708333333333
10 0.9208984375 0.8251953125 0.1064453125 0.228515625
2 0.46044921875 0.5009765625 0.115234375 0.087890625
3 0.127197265625 0.8408203125 0.24267578125 0.111328125
12 0.326171875 0.69140625 0.05859375 0.16927083333333334
8 0.075439453125 0.4361979166666667 0.14990234375 0.14322916666666666
7 0.081787109375 0.5452473958333334 0.07470703125 0.09049479166666667
7 0.096923828125 0.6458333333333334 0.05419921875 0.11067708333333333
5 0.988037109375 0.8079427083333334 0.02392578125 0.1171875
2 0.430908203125 0.3505859375 0.06591796875 0.056640625
8 0.65869140625 0.4059244791666667 0.2001953125 0.107421875
