10 0.720458984375 0.6904296875 0.02978515625 0.099609375
10 0.393310546875 0.6357421875 0.04052734375 0.15690104166666666
9 0.620361328125 0.7483723958333334 0.04541015625 0.103515625
10 0.5654296875 0.5953776041666666 0.03125 0.09440104166666667
17 0.49267578125 0.7275390625 0.3916015625 0.466796875
10 0.66796875 0.623046875 0.029296875 0.09765625
7 0.49755859375 0.5667317708333334 0.041015625 0.14388020833333334
4 0.60107421875 0.6614583333333334 0.0458984375 0.045572916666666664
5 0.427978515625 0.7744140625 0.05419921875 0.10611979166666667
10 0.713623046875 0.6103515625 0.02197265625 0.059244791666666664
5 0.526123046875 0.6376953125 0.03662109375 0.09049479166666667
16 0.4599609375 0.689453125 0.037109375 0.045572916666666664
10 0.55517578125 0.6770833333333334 0.044921875 0.061197916666666664
12 0.6328125 0.6917317708333334 0.091796875 0.029296875
14 0.490234375 0.7298177083333334 0.0517578125 0.06510416666666667
2 0.43798828125 0.603515625 0.05859375 0.06640625
2 0.519775390625 0.7923177083333334 0.08544921875 0.109375
2 0.440673828125 0.654296875 0.05615234375 0.032552083333333336
6 0.50244140625 0.7913411458333334 0.0771484375 0.029296875
