7 0.62353515625 0.5335286458333334 0.064453125 0.16080729166666666
10 0.951904296875 0.671875 0.06494140625 0.18359375
17 0.603271484375 0.5631510416666666 0.54248046875 0.43359375
10 0.508056640625 0.4654947916666667 0.11181640625 0.0859375
10 0.335693359375 0.8896484375 0.09228515625 0.220703125
6 0.6787109375 0.3577473958333333 0.0673828125 0.042317708333333336
10 0.22265625 0.9521484375 0.078125 0.095703125
7 0.98583984375 0.765625 0.0283203125 0.17317708333333334
0 0.55712890625 0.6344401041666666 0.0419921875 0.177734375
8 0.78076171875 0.5358072916666666 0.16796875 0.13541666666666666
6 0.74560546875 0.4147135416666667 0.03125 0.08203125
1 0.46923828125 0.5208333333333334 0.0732421875 0.109375
1 0.55810546875 0.4182942708333333 0.126953125 0.08268229166666667
14 0.67529296875 0.5182291666666666 0.0556640625 0.11328125
2 0.739501953125 0.4508463541666667 0.09130859375 0.07356770833333333
