0 0.564208984375 0.515625 0.09619140625 0.20833333333333334
3 0.6708984375 0.4498697916666667 0.21484375 0.1640625
6 0.408203125 0.4020182291666667 0.078125 0.072265625
7 0.48046875 0.3470052083333333 0.216796875 0.19010416666666666
9 0.47998046875 0.4671223958333333 0.0625 0.142578125
10 0.648193359375 0.390625 0.11572265625 0.06380208333333333
10 0.54931640625 0.2874348958333333 0.052734375 0.07747395833333333
10 0.479736328125 0.265625 0.05908203125 0.07161458333333333
10 0.42236328125 0.4290364583333333 0.0625 0.08854166666666667
14 0.576416015625 0.4716796875 0.08740234375 0.09049479166666667
17 0.47802734375 0.4189453125 0.60546875 0.537109375
