1 0.486328125 0.5634765625 0.2705078125 0.056640625
1 0.259521484375 0.4690755208333333 0.11083984375 0.11393229166666667
5 0.42626953125 0.4342447916666667 0.0869140625 0.09505208333333333
7 0.364013671875 0.3626302083333333 0.07470703125 0.20963541666666666
8 0.53466796875 0.40625 0.1455078125 0.22135416666666666
8 0.430419921875 0.3636067708333333 0.07373046875 0.142578125
9 0.607666015625 0.3981119791666667 0.05322265625 0.11653645833333333
10 0.405029296875 0.4993489583333333 0.20166015625 0.08463541666666667
10 0.44921875 0.521484375 0.197265625 0.09635416666666667
10 0.5302734375 0.4723307291666667 0.0859375 0.08919270833333333
12 0.31591796875 0.4446614583333333 0.048828125 0.08463541666666667
17 0.4619140625 0.4586588541666667 0.5146484375 0.478515625
17 0.466552734375 0.4830729166666667 0.50732421875 0.49609375
