10 0.591552734375 0.423828125 0.05712890625 0.1953125
12 0.481201171875 0.2431640625 0.05908203125 0.14127604166666666
7 0.144775390625 0.6276041666666666 0.07470703125 0.13541666666666666
12 0.534912109375 0.2412109375 0.05029296875 0.15690104166666666
13 0.878173828125 0.8011067708333334 0.05810546875 0.091796875
8 0.19384765625 0.7444661458333334 0.21484375 0.123046875
2 0.6181640625 0.2972005208333333 0.0849609375 0.06966145833333333
10 0.406982421875 0.4853515625 0.08740234375 0.134765625
16 0.84765625 0.7340494791666666 0.0498046875 0.052734375
17 0.527587890625 0.4078776041666667 0.55615234375 0.5501302083333334
5 0.6484375 0.4020182291666667 0.068359375 0.123046875
14 0.90478515625 0.73046875 0.064453125 0.059895833333333336
13 0.3798828125 0.3837890625 0.060546875 0.07356770833333333
6 0.83837890625 0.705078125 0.0947265625 0.03125
9 0.30810546875 0.40234375 0.0634765625 0.11458333333333333
14 0.90380859375 0.7311197916666666 0.0654296875 0.061197916666666664
3 0.478271484375 0.3190104166666667 0.19873046875 0.3776041666666667
14 0.119384765625 0.8636067708333334 0.08544921875 0.11002604166666667
9 0.308349609375 0.4029947916666667 0.06298828125 0.11458333333333333
7 0.097412109375 0.62890625 0.06494140625 0.12369791666666667
0 0.7001953125 0.4456380208333333 0.037109375 0.09700520833333333
7 0.0537109375 0.7542317708333334 0.1064453125 0.22591145833333334
7 0.440185546875 0.3958333333333333 0.06689453125 0.1484375
10 0.934326171875 0.82421875 0.08251953125 0.23046875
12 0.323974609375 0.6920572916666666 0.06103515625 0.17057291666666666
