0 0.791015625 0.3792317708333333 0.1044921875 0.21809895833333334
2 0.424560546875 0.2998046875 0.06884765625 0.146484375
5 0.589111328125 0.5221354166666666 0.05322265625 0.13541666666666666
7 0.822509765625 0.3619791666666667 0.24462890625 0.17057291666666666
8 0.5166015625 0.4169921875 0.232421875 0.4537760416666667
9 0.740966796875 0.4606119791666667 0.10205078125 0.115234375
9 0.642333984375 0.2620442708333333 0.06689453125 0.060546875
9 0.62353515625 0.3561197916666667 0.06640625 0.18359375
10 0.693115234375 0.3473307291666667 0.13330078125 0.318359375
10 0.55859375 0.1962890625 0.06640625 0.111328125
10 0.413818359375 0.2633463541666667 0.09228515625 0.09049479166666667
10 0.555419921875 0.1708984375 0.09130859375 0.14908854166666666
11 0.502685546875 0.22395833333333334 0.06298828125 0.0546875
17 0.6064453125 0.4033203125 0.619140625 0.662109375
