0 0.59423828125 0.5152994791666666 0.125 0.216796875
3 0.739990234375 0.4615885416666667 0.22216796875 0.19661458333333334
6 0.450927734375 0.3727213541666667 0.06201171875 0.050130208333333336
7 0.527099609375 0.3284505208333333 0.21142578125 0.22981770833333334
9 0.513916015625 0.4475911458333333 0.06201171875 0.146484375
10 0.461669921875 0.3987630208333333 0.06494140625 0.07486979166666667
10 0.5478515625 0.2529296875 0.0498046875 0.083984375
10 0.607177734375 0.2701822916666667 0.04638671875 0.09505208333333333
10 0.705078125 0.3795572916666667 0.1298828125 0.09375
11 0.648193359375 0.3515625 0.05126953125 0.06380208333333333
14 0.618408203125 0.4641927083333333 0.08544921875 0.12369791666666667
17 0.52685546875 0.3994140625 0.6025390625 0.4615885416666667
