10 0.124755859375 0.615234375 0.06689453125 0.16666666666666666
9 0.4853515625 0.4322916666666667 0.06640625 0.16796875
10 0.48193359375 0.22884114583333334 0.0615234375 0.18684895833333334
6 0.83642578125 0.7096354166666666 0.0908203125 0.040364583333333336
9 0.36279296875 0.3349609375 0.044921875 0.09440104166666667
16 0.3115234375 0.4638671875 0.06640625 0.055338541666666664
12 0.426025390625 0.2431640625 0.05517578125 0.173828125
14 0.59423828125 0.3310546875 0.0751953125 0.087890625
12 0.2314453125 0.9384765625 0.0810546875 0.123046875
13 0.60791015625 0.4244791666666667 0.076171875 0.08984375
8 0.203125 0.7535807291666666 0.2060546875 0.123046875
10 0.302734375 0.4036458333333333 0.1298828125 0.09895833333333333
11 0.6806640625 0.3889973958333333 0.041015625 0.061848958333333336
0 0.5703125 0.5377604166666666 0.1748046875 0.08072916666666667
0 0.68017578125 0.46484375 0.0703125 0.0859375
1 0.3916015625 0.4973958333333333 0.0244140625 0.09114583333333333
10 0.41455078125 0.4075520833333333 0.0546875 0.09895833333333333
11 0.31494140625 0.30859375 0.046875 0.109375
10 0.931640625 0.8229166666666666 0.1044921875 0.22916666666666666
13 0.880859375 0.798828125 0.0634765625 0.08203125
14 0.9052734375 0.7350260416666666 0.0712890625 0.08203125
7 0.0556640625 0.7516276041666666 0.1103515625 0.21419270833333334
15 0.24755859375 0.6673177083333334 0.09765625 0.061197916666666664
4 0.216796875 0.5377604166666666 0.0498046875 0.049479166666666664
12 0.3291015625 0.6953125 0.0595703125 0.1796875
7 0.0908203125 0.7408854166666666 0.0576171875 0.13020833333333334
8 0.58349609375 0.3072916666666667 0.130859375 0.07291666666666667
17 0.50341796875 0.3958333333333333 0.51171875 0.3854166666666667
