10 0.2646484375 0.5524088541666666 0.046875 0.154296875
12 0.259521484375 0.9026692708333334 0.07470703125 0.19466145833333334
9 0.442138671875 0.373046875 0.05224609375 0.13411458333333334
7 0.16064453125 0.6500651041666666 0.087890625 0.197265625
10 0.648193359375 0.2913411458333333 0.07666015625 0.2766927083333333
8 0.272216796875 0.6839192708333334 0.14697265625 0.12955729166666666
10 0.592041015625 0.4895833333333333 0.15673828125 0.0859375
13 0.47607421875 0.4593098958333333 0.0693359375 0.10611979166666667
14 0.560546875 0.3977864583333333 0.0908203125 0.11067708333333333
8 0.76611328125 0.4830729166666667 0.26953125 0.19791666666666666
11 0.60986328125 0.57421875 0.111328125 0.11458333333333333
0 0.4326171875 0.533203125 0.1513671875 0.053385416666666664
0 0.3720703125 0.4596354166666667 0.0380859375 0.09635416666666667
0 0.521484375 0.3111979166666667 0.0458984375 0.0703125
5 0.521484375 0.375 0.0537109375 0.12239583333333333
12 0.7275390625 0.2819010416666667 0.0810546875 0.21484375
7 0.20361328125 0.6484375 0.05859375 0.11458333333333333
6 0.961669921875 0.9186197916666666 0.07666015625 0.061197916666666664
17 0.63037109375 0.4602864583333333 0.603515625 0.4830729166666667
