10 0.125244140625 0.6158854166666666 0.06787109375 0.16666666666666666
10 0.67626953125 0.3502604166666667 0.048828125 0.16796875
9 0.435302734375 0.4729817708333333 0.06689453125 0.134765625
9 0.62060546875 0.24348958333333334 0.0498046875 0.12109375
8 0.19287109375 0.7418619791666666 0.2177734375 0.11783854166666667
5 0.56787109375 0.361328125 0.0595703125 0.13151041666666666
7 0.04345703125 0.7555338541666666 0.0859375 0.21419270833333334
8 0.311767578125 0.3642578125 0.12255859375 0.11653645833333333
12 0.392578125 0.3463541666666667 0.0615234375 0.2942708333333333
16 0.848388671875 0.734375 0.04833984375 0.053385416666666664
14 0.90478515625 0.73046875 0.0654296875 0.059895833333333336
7 0.43701171875 0.2757161458333333 0.05078125 0.21549479166666666
13 0.879150390625 0.8020833333333334 0.05712890625 0.08984375
12 0.23291015625 0.9381510416666666 0.078125 0.12369791666666667
6 0.837646484375 0.705078125 0.08447265625 0.03125
10 0.9296875 0.8297526041666666 0.1083984375 0.23502604166666666
10 0.61328125 0.4860026041666667 0.1572265625 0.095703125
5 0.6201171875 0.3466796875 0.05078125 0.087890625
10 0.4853515625 0.2587890625 0.0625 0.236328125
11 0.504638671875 0.4661458333333333 0.06396484375 0.20442708333333334
1 0.3291015625 0.4788411458333333 0.0966796875 0.13997395833333334
12 0.325927734375 0.6897786458333334 0.04931640625 0.166015625
17 0.5283203125 0.4069010416666667 0.548828125 0.453125
14 0.1220703125 0.8639322916666666 0.091796875 0.11588541666666667
15 0.248046875 0.66015625 0.0966796875 0.055989583333333336
