0 0.33251953125 0.2718098958333333 0.119140625 0.11783854166666667
7 0.313720703125 0.13053385416666666 0.08740234375 0.12825520833333334
8 0.41943359375 0.13248697916666666 0.1318359375 0.08268229166666667
9 0.322021484375 0.21842447916666666 0.05224609375 0.087890625
9 0.4306640625 0.2373046875 0.0390625 0.076171875
9 0.40380859375 0.1669921875 0.03515625 0.052734375
10 0.469482421875 0.17447916666666666 0.03466796875 0.06640625
10 0.52001953125 0.2825520833333333 0.091796875 0.07942708333333333
11 0.493408203125 0.23795572916666666 0.03271484375 0.047526041666666664
14 0.380615234375 0.2692057291666667 0.05908203125 0.08138020833333333
15 0.464599609375 0.2516276041666667 0.04833984375 0.08658854166666667
17 0.40771484375 0.22037760416666666 0.3740234375 0.3821614583333333
