0 0.6572265625 0.392578125 0.0625 0.07682291666666667
2 0.352294921875 0.296875 0.05224609375 0.07682291666666667
5 0.469970703125 0.4384765625 0.05517578125 0.10091145833333333
7 0.63720703125 0.302734375 0.171875 0.125
8 0.41455078125 0.3610026041666667 0.14453125 0.3170572916666667
9 0.500732421875 0.3274739583333333 0.03662109375 0.140625
9 0.516357421875 0.2682291666666667 0.03369140625 0.06640625
9 0.597900390625 0.3932291666666667 0.08349609375 0.10026041666666667
10 0.5546875 0.3251953125 0.0859375 0.23372395833333334
10 0.43994140625 0.2080078125 0.041015625 0.06966145833333333
10 0.33544921875 0.2584635416666667 0.072265625 0.07291666666666667
17 0.4677734375 0.369140625 0.5634765625 0.5598958333333334
