0 0.34619140625 0.61328125 0.0830078125 0.057291666666666664
0 0.470458984375 0.6171875 0.11181640625 0.028645833333333332
0 0.54052734375 0.6103515625 0.03125 0.059244791666666664
4 0.3828125 0.607421875 0.060546875 0.049479166666666664
5 0.40185546875 0.5384114583333334 0.0400390625 0.08854166666666667
8 0.56787109375 0.5146484375 0.0986328125 0.08138020833333333
9 0.353271484375 0.5458984375 0.05224609375 0.10221354166666667
10 0.44189453125 0.5205078125 0.05859375 0.060546875
10 0.450439453125 0.4674479166666667 0.07666015625 0.07291666666666667
10 0.523681640625 0.5729166666666666 0.08837890625 0.059895833333333336
11 0.57763671875 0.5924479166666666 0.06640625 0.04296875
11 0.41552734375 0.4658203125 0.0283203125 0.054036458333333336
13 0.4599609375 0.5875651041666666 0.0546875 0.07877604166666667
14 0.4951171875 0.5166015625 0.060546875 0.07877604166666667
16 0.320068359375 0.5514322916666666 0.03466796875 0.0546875
17 0.47021484375 0.5797526041666666 0.3984375 0.3352864583333333
