0 0.46142578125 0.4065755208333333 0.111328125 0.10221354166666667
7 0.45947265625 0.2805989583333333 0.0654296875 0.1328125
8 0.539794921875 0.2724609375 0.14208984375 0.06966145833333333
9 0.550048828125 0.3922526041666667 0.04541015625 0.08138020833333333
9 0.53125 0.3125 0.0419921875 0.0390625
9 0.45166015625 0.3551432291666667 0.0458984375 0.107421875
10 0.519287109375 0.3505859375 0.09912109375 0.046223958333333336
10 0.63916015625 0.4508463541666667 0.103515625 0.09440104166666667
10 0.597900390625 0.3326822916666667 0.04345703125 0.061197916666666664
10 0.58935546875 0.3069661458333333 0.0478515625 0.06575520833333333
11 0.61279296875 0.3990885416666667 0.0244140625 0.053385416666666664
11 0.614501953125 0.3990885416666667 0.02685546875 0.04296875
14 0.50537109375 0.4098307291666667 0.0615234375 0.083984375
15 0.58056640625 0.4111328125 0.0576171875 0.09309895833333333
17 0.5341796875 0.3658854166666667 0.33203125 0.3815104166666667
