0 0.4345703125 0.3108723958333333 0.109375 0.06315104166666667
0 0.363525390625 0.5120442708333334 0.16357421875 0.087890625
0 0.522216796875 0.5218098958333334 0.12158203125 0.080078125
0 0.60546875 0.48828125 0.044921875 0.08203125
1 0.308349609375 0.431640625 0.06103515625 0.0390625
5 0.427734375 0.376953125 0.064453125 0.11848958333333333
8 0.656494140625 0.36328125 0.14599609375 0.10677083333333333
9 0.4853515625 0.3118489583333333 0.0419921875 0.09765625
9 0.36572265625 0.4020182291666667 0.0615234375 0.150390625
10 0.52197265625 0.2652994791666667 0.0615234375 0.259765625
10 0.582763671875 0.4348958333333333 0.11376953125 0.08072916666666667
10 0.55712890625 0.3958333333333333 0.1083984375 0.04296875
10 0.364501953125 0.3330078125 0.07763671875 0.051432291666666664
11 0.661376953125 0.4820963541666667 0.09033203125 0.095703125
11 0.438232421875 0.2708333333333333 0.03955078125 0.08333333333333333
13 0.493408203125 0.451171875 0.07470703125 0.09635416666666667
14 0.547607421875 0.35546875 0.07861328125 0.11458333333333333
16 0.322509765625 0.3795572916666667 0.04443359375 0.061197916666666664
17 0.5263671875 0.3876953125 0.5576171875 0.4993489583333333
