13 0.408203125 0.6995442708333334 0.0380859375 0.064453125
10 0.60498046875 0.638671875 0.02734375 0.09114583333333333
7 0.465576171875 0.5270182291666666 0.03955078125 0.09700520833333333
9 0.43603515625 0.7327473958333334 0.04296875 0.091796875
10 0.558837890625 0.5813802083333334 0.02392578125 0.08854166666666667
10 0.513671875 0.5934244791666666 0.0263671875 0.10091145833333333
10 0.59716796875 0.5677083333333334 0.01953125 0.052083333333333336
17 0.391357421875 0.6871744791666666 0.37939453125 0.3743489583333333
12 0.3935546875 0.5979817708333334 0.044921875 0.14778645833333334
5 0.28369140625 0.673828125 0.04296875 0.06770833333333333
14 0.31982421875 0.705078125 0.0517578125 0.06380208333333333
14 0.35693359375 0.6650390625 0.048828125 0.048828125
2 0.33544921875 0.7386067708333334 0.072265625 0.056640625
4 0.51904296875 0.6692708333333334 0.0517578125 0.059895833333333336
5 0.455322265625 0.6285807291666666 0.04443359375 0.07356770833333333
6 0.451171875 0.5735677083333334 0.068359375 0.046875
4 0.31396484375 0.64453125 0.04296875 0.0390625
