10 0.59375 0.6985677083333334 0.0458984375 0.17708333333333334
17 0.49560546875 0.705078125 0.4453125 0.5338541666666666
9 0.486328125 0.5940755208333334 0.0341796875 0.07096354166666667
10 0.390869140625 0.5615234375 0.02490234375 0.091796875
10 0.4150390625 0.5445963541666666 0.0263671875 0.095703125
10 0.460693359375 0.5569661458333334 0.02099609375 0.08528645833333333
10 0.375732421875 0.6809895833333334 0.03076171875 0.11328125
2 0.517578125 0.7386067708333334 0.07421875 0.12174479166666667
10 0.458251953125 0.6832682291666666 0.03369140625 0.09830729166666667
10 0.419921875 0.7044270833333334 0.052734375 0.18359375
