1 0.262939453125 0.4397786458333333 0.06201171875 0.055338541666666664
5 0.516845703125 0.3600260416666667 0.05810546875 0.11848958333333333
5 0.58447265625 0.5029296875 0.16015625 0.15950520833333334
7 0.5068359375 0.20182291666666666 0.09765625 0.234375
8 0.39892578125 0.3776041666666667 0.23046875 0.2864583333333333
8 0.65966796875 0.4091796875 0.2578125 0.333984375
9 0.333984375 0.5491536458333334 0.1201171875 0.24544270833333334
10 0.48193359375 0.4339192708333333 0.0673828125 0.10611979166666667
11 0.65283203125 0.611328125 0.1728515625 0.11588541666666667
13 0.45751953125 0.5364583333333334 0.1240234375 0.14713541666666666
17 0.43896484375 0.5377604166666666 0.8193359375 0.9244791666666666
