0 0.540771484375 0.3326822916666667 0.05712890625 0.12630208333333334
6 0.435302734375 0.23470052083333334 0.07080078125 0.041015625
7 0.495849609375 0.21419270833333334 0.12451171875 0.16145833333333334
8 0.44775390625 0.16536458333333334 0.1201171875 0.12109375
9 0.485595703125 0.2962239583333333 0.05322265625 0.10807291666666667
10 0.6201171875 0.2578125 0.0771484375 0.059895833333333336
10 0.550048828125 0.1796875 0.03564453125 0.06901041666666667
10 0.509521484375 0.15983072916666666 0.02783203125 0.043619791666666664
14 0.551513671875 0.30859375 0.05908203125 0.08984375
17 0.51806640625 0.25 0.337890625 0.4231770833333333
