10 0.110595703125 0.705078125 0.06005859375 0.15104166666666666
10 0.546875 0.3173828125 0.046875 0.134765625
17 0.545166015625 0.46484375 0.49755859375 0.4309895833333333
12 0.588134765625 0.3834635416666667 0.06005859375 0.23958333333333334
10 0.17919921875 0.6689453125 0.1005859375 0.224609375
9 0.50146484375 0.4114583333333333 0.1259765625 0.08072916666666667
8 0.501220703125 0.4095052083333333 0.12646484375 0.08463541666666667
7 0.419677734375 0.4322916666666667 0.06103515625 0.24609375
8 0.349853515625 0.4287109375 0.08642578125 0.095703125
5 0.644287109375 0.5006510416666666 0.05810546875 0.10416666666666667
2 0.50830078125 0.4886067708333333 0.1025390625 0.09309895833333333
6 0.541259765625 0.4713541666666667 0.07080078125 0.040364583333333336
5 0.12255859375 0.8108723958333334 0.0791015625 0.09700520833333333
5 0.199462890625 0.8206380208333334 0.07080078125 0.09830729166666667
10 0.959716796875 0.3873697916666667 0.08056640625 0.2942708333333333
7 0.92724609375 0.625 0.08203125 0.24348958333333334
7 0.892822265625 0.826171875 0.08447265625 0.21484375
10 0.957275390625 0.8001302083333334 0.06787109375 0.1953125
