7 0.56494140625 0.5211588541666666 0.0947265625 0.08138020833333333
9 0.3564453125 0.5494791666666666 0.0458984375 0.10286458333333333
10 0.228515625 0.6477864583333334 0.0400390625 0.12760416666666666
10 0.79931640625 0.7923177083333334 0.0458984375 0.171875
8 0.7119140625 0.7347005208333334 0.0888671875 0.13346354166666666
10 0.82958984375 0.7483723958333334 0.0322265625 0.17903645833333334
4 0.875 0.9443359375 0.0537109375 0.064453125
6 0.2509765625 0.7223307291666666 0.046875 0.026692708333333332
11 0.576904296875 0.5930989583333334 0.06591796875 0.045572916666666664
5 0.398681640625 0.537109375 0.05029296875 0.09244791666666667
10 0.258056640625 0.599609375 0.03466796875 0.09114583333333333
14 0.26953125 0.6793619791666666 0.0458984375 0.054036458333333336
0 0.344970703125 0.6149088541666666 0.07275390625 0.044921875
4 0.3896484375 0.6103515625 0.064453125 0.051432291666666664
13 0.4599609375 0.5885416666666666 0.0498046875 0.07161458333333333
0 0.482421875 0.6220703125 0.1025390625 0.041015625
14 0.494140625 0.5192057291666666 0.0546875 0.07747395833333333
10 0.4443359375 0.5208333333333334 0.052734375 0.06901041666666667
12 0.453369140625 0.466796875 0.08251953125 0.06770833333333333
11 0.4169921875 0.4661458333333333 0.0341796875 0.07421875
7 0.77099609375 0.6982421875 0.0576171875 0.16341145833333334
7 0.748779296875 0.9514973958333334 0.13134765625 0.09700520833333333
12 0.619873046875 0.8958333333333334 0.04443359375 0.203125
16 0.31884765625 0.5485026041666666 0.033203125 0.044921875
17 0.475341796875 0.5651041666666666 0.39404296875 0.24869791666666666
