10 0.12451171875 0.6155598958333334 0.0673828125 0.16731770833333334
9 0.622802734375 0.341796875 0.05224609375 0.12369791666666667
5 0.56640625 0.341796875 0.0517578125 0.09114583333333333
6 0.837158203125 0.7093098958333334 0.09033203125 0.041015625
9 0.456787109375 0.4759114583333333 0.06884765625 0.14322916666666666
8 0.19873046875 0.7548828125 0.205078125 0.11783854166666667
12 0.406005859375 0.3505859375 0.06396484375 0.298828125
8 0.3076171875 0.3753255208333333 0.146484375 0.13346354166666666
7 0.052734375 0.7584635416666666 0.1044921875 0.23828125
9 0.45654296875 0.4772135416666667 0.0673828125 0.14453125
12 0.231689453125 0.9381510416666666 0.07861328125 0.12369791666666667
11 0.53076171875 0.4615885416666667 0.072265625 0.20442708333333334
10 0.6376953125 0.484375 0.1357421875 0.09635416666666667
1 0.65234375 0.423828125 0.1025390625 0.040364583333333336
1 0.3359375 0.4928385416666667 0.1240234375 0.14453125
0 0.56640625 0.2884114583333333 0.0869140625 0.03515625
13 0.52490234375 0.3287760416666667 0.048828125 0.06901041666666667
10 0.9306640625 0.826171875 0.1201171875 0.23307291666666666
13 0.880859375 0.794921875 0.0693359375 0.10026041666666667
10 0.45703125 0.2760416666666667 0.0673828125 0.2734375
12 0.32958984375 0.693359375 0.05859375 0.17838541666666666
14 0.90869140625 0.7337239583333334 0.072265625 0.06901041666666667
4 0.21875 0.537109375 0.0458984375 0.053385416666666664
15 0.248046875 0.66015625 0.0830078125 0.057291666666666664
17 0.4990234375 0.3684895833333333 0.5068359375 0.4427083333333333
