0 0.575439453125 0.5042317708333334 0.12060546875 0.059244791666666664
0 0.59033203125 0.4228515625 0.091796875 0.09309895833333333
1 0.69384765625 0.4228515625 0.0380859375 0.021484375
2 0.4150390625 0.4879557291666667 0.123046875 0.083984375
4 0.474853515625 0.5397135416666666 0.08642578125 0.046875
5 0.64111328125 0.4596354166666667 0.068359375 0.11328125
5 0.696533203125 0.4527994791666667 0.03369140625 0.043619791666666664
7 0.536376953125 0.3408203125 0.06201171875 0.19856770833333334
9 0.341796875 0.466796875 0.0673828125 0.09375
10 0.4580078125 0.4127604166666667 0.064453125 0.06640625
10 0.50146484375 0.4632161458333333 0.0908203125 0.061848958333333336
11 0.716552734375 0.5113932291666666 0.11279296875 0.07356770833333333
12 0.614501953125 0.4033203125 0.11572265625 0.064453125
12 0.42041015625 0.3938802083333333 0.078125 0.061197916666666664
13 0.593017578125 0.4951171875 0.07470703125 0.091796875
14 0.404296875 0.4501953125 0.08203125 0.07096354166666667
17 0.564697265625 0.4697265625 0.53662109375 0.4733072916666667
