10 0.1396484375 0.5690104166666666 0.0625 0.1640625
10 0.94970703125 0.6468098958333334 0.0810546875 0.19596354166666666
7 0.22412109375 0.5211588541666666 0.0517578125 0.10091145833333333
12 0.52978515625 0.2727864583333333 0.0546875 0.22265625
8 0.257568359375 0.6236979166666666 0.16064453125 0.11197916666666667
5 0.583984375 0.4046223958333333 0.08203125 0.12044270833333333
17 0.544189453125 0.3590494791666667 0.46044921875 0.3938802083333333
16 0.83056640625 0.6904296875 0.0458984375 0.048828125
2 0.40234375 0.2962239583333333 0.0810546875 0.08854166666666667
9 0.67138671875 0.3076171875 0.0478515625 0.052734375
2 0.40283203125 0.3570963541666667 0.0791015625 0.056640625
7 0.420166015625 0.2353515625 0.05029296875 0.15169270833333334
5 0.963623046875 0.7838541666666666 0.07177734375 0.13411458333333334
8 0.146728515625 0.3570963541666667 0.13427734375 0.12044270833333333
8 0.609375 0.2939453125 0.11328125 0.057942708333333336
14 0.66015625 0.3479817708333333 0.0732421875 0.059244791666666664
7 0.420166015625 0.23470052083333334 0.05126953125 0.150390625
10 0.979736328125 0.6735026041666666 0.04052734375 0.154296875
10 0.862060546875 0.7646484375 0.08056640625 0.201171875
4 0.50537109375 0.4026692708333333 0.046875 0.08919270833333333
2 0.662353515625 0.3850911458333333 0.10107421875 0.087890625
5 0.492919921875 0.3050130208333333 0.02978515625 0.09049479166666667
6 0.488525390625 0.248046875 0.04248046875 0.01953125
