1 0.513916015625 0.6318359375 0.21337890625 0.035807291666666664
7 0.46337890625 0.5859375 0.1533203125 0.0859375
9 0.577392578125 0.5524088541666666 0.05419921875 0.091796875
9 0.48583984375 0.5009765625 0.05078125 0.047526041666666664
10 0.50830078125 0.5263671875 0.052734375 0.06966145833333333
10 0.384033203125 0.5514322916666666 0.03271484375 0.061197916666666664
10 0.34326171875 0.5445963541666666 0.0634765625 0.169921875
11 0.287841796875 0.5901692708333334 0.05029296875 0.064453125
14 0.431396484375 0.5087890625 0.04541015625 0.064453125
14 0.370849609375 0.5055338541666666 0.04736328125 0.064453125
15 0.560546875 0.5146484375 0.0537109375 0.103515625
17 0.481689453125 0.5673828125 0.40576171875 0.3079427083333333
