10 0.125 0.6158854166666666 0.0673828125 0.16666666666666666
8 0.196044921875 0.7477213541666666 0.21240234375 0.126953125
7 0.573486328125 0.3522135416666667 0.08056640625 0.265625
2 0.43798828125 0.4475911458333333 0.0966796875 0.119140625
8 0.66455078125 0.3834635416666667 0.130859375 0.12109375
11 0.60498046875 0.5029296875 0.0927734375 0.068359375
10 0.5087890625 0.2809244791666667 0.0654296875 0.283203125
5 0.423095703125 0.34375 0.05810546875 0.09375
12 0.231689453125 0.9381510416666666 0.07958984375 0.12239583333333333
13 0.880859375 0.8037109375 0.056640625 0.08919270833333333
16 0.847412109375 0.7356770833333334 0.04345703125 0.05078125
6 0.837646484375 0.7047526041666666 0.08935546875 0.030598958333333332
14 0.118896484375 0.8623046875 0.08544921875 0.107421875
12 0.33056640625 0.6927083333333334 0.0546875 0.1796875
0 0.44677734375 0.5266927083333334 0.15625 0.06901041666666667
0 0.30908203125 0.4850260416666667 0.09765625 0.08984375
9 0.34033203125 0.2962239583333333 0.078125 0.16276041666666666
5 0.35498046875 0.4225260416666667 0.083984375 0.11067708333333333
0 0.423828125 0.296875 0.0400390625 0.07291666666666667
7 0.04736328125 0.7600911458333334 0.09375 0.23111979166666666
15 0.24462890625 0.6653645833333334 0.091796875 0.052083333333333336
4 0.21728515625 0.5384114583333334 0.041015625 0.045572916666666664
10 0.9326171875 0.8255208333333334 0.1083984375 0.2265625
14 0.9052734375 0.7311197916666666 0.0771484375 0.06380208333333333
14 0.517578125 0.357421875 0.5166015625 0.4622395833333333
