0 0.42529296875 0.5315755208333334 0.078125 0.060546875
1 0.65478515625 0.6015625 0.04296875 0.06770833333333333
2 0.430419921875 0.548828125 0.06787109375 0.041666666666666664
4 0.39892578125 0.5784505208333334 0.0341796875 0.038411458333333336
5 0.483154296875 0.5859375 0.06201171875 0.07291666666666667
6 0.5546875 0.6142578125 0.08203125 0.046223958333333336
7 0.577880859375 0.50390625 0.04248046875 0.16145833333333334
10 0.51904296875 0.5400390625 0.09375 0.050130208333333336
11 0.451416015625 0.6285807291666666 0.05810546875 0.057942708333333336
12 0.595703125 0.5758463541666666 0.0810546875 0.07486979166666667
13 0.4296875 0.578125 0.041015625 0.06380208333333333
14 0.4306640625 0.5231119791666666 0.0556640625 0.046223958333333336
17 0.507568359375 0.5817057291666666 0.43408203125 0.369140625
