0 0.64599609375 0.3759765625 0.025390625 0.055338541666666664
1 0.3642578125 0.5374348958333334 0.09765625 0.12174479166666667
2 0.66259765625 0.4189453125 0.083984375 0.060546875
4 0.609130859375 0.4124348958333333 0.03759765625 0.031901041666666664
5 0.46337890625 0.3951822916666667 0.0341796875 0.06901041666666667
6 0.421630859375 0.4462890625 0.12353515625 0.043619791666666664
7 0.5048828125 0.4055989583333333 0.0751953125 0.2630208333333333
9 0.734375 0.4508463541666667 0.0859375 0.076171875
10 0.615966796875 0.4905598958333333 0.11279296875 0.11263020833333333
10 0.5859375 0.435546875 0.091796875 0.057291666666666664
11 0.43310546875 0.3997395833333333 0.0302734375 0.0390625
12 0.65673828125 0.5234375 0.1240234375 0.14583333333333334
12 0.426513671875 0.4710286458333333 0.09423828125 0.12565104166666666
13 0.546142578125 0.3948567708333333 0.02490234375 0.060546875
14 0.670166015625 0.3919270833333333 0.06884765625 0.059895833333333336
16 0.72900390625 0.5126953125 0.04296875 0.057942708333333336
17 0.487060546875 0.4736328125 0.55029296875 0.4524739583333333
