10 0.1396484375 0.5693359375 0.0634765625 0.162109375
12 0.537109375 0.2679036458333333 0.046875 0.21940104166666666
2 0.4716796875 0.3264973958333333 0.08984375 0.09309895833333333
7 0.3798828125 0.2936197916666667 0.0615234375 0.22526041666666666
4 0.626953125 0.3756510416666667 0.0634765625 0.07552083333333333
10 0.94970703125 0.6471354166666666 0.080078125 0.19921875
14 0.60205078125 0.3333333333333333 0.060546875 0.08072916666666667
16 0.83056640625 0.69140625 0.0458984375 0.048177083333333336
8 0.25732421875 0.6227213541666666 0.16015625 0.11002604166666667
17 0.548828125 0.3600260416666667 0.46484375 0.4153645833333333
7 0.224365234375 0.5224609375 0.05126953125 0.099609375
10 0.86181640625 0.7623697916666666 0.09375 0.20963541666666666
5 0.6787109375 0.3489583333333333 0.0673828125 0.10026041666666667
8 0.14990234375 0.3580729166666667 0.138671875 0.11979166666666667
10 0.977783203125 0.6725260416666666 0.04443359375 0.15625
2 0.473388671875 0.3990885416666667 0.09326171875 0.06640625
5 0.96337890625 0.7900390625 0.0732421875 0.12044270833333333
14 0.651611328125 0.2841796875 0.07080078125 0.046223958333333336
6 0.457763671875 0.2565104166666667 0.03857421875 0.028645833333333332
