0 0.531494140625 0.611328125 0.04541015625 0.09114583333333333
2 0.451171875 0.5862630208333334 0.0380859375 0.046223958333333336
3 0.593505859375 0.6005859375 0.13818359375 0.076171875
6 0.466796875 0.56640625 0.0283203125 0.03125
9 0.49560546875 0.5970052083333334 0.0498046875 0.08854166666666667
10 0.4609375 0.6031901041666666 0.0341796875 0.048828125
10 0.492431640625 0.54296875 0.03369140625 0.033854166666666664
12 0.528564453125 0.529296875 0.04052734375 0.10677083333333333
14 0.5439453125 0.607421875 0.0478515625 0.06380208333333333
17 0.505615234375 0.5944010416666666 0.32177734375 0.2421875
