10 0.4912109375 0.4095052083333333 0.05078125 0.21614583333333334
17 0.541748046875 0.4485677083333333 0.51123046875 0.48046875
9 0.453125 0.419921875 0.033203125 0.11067708333333333
12 0.505126953125 0.3138020833333333 0.03466796875 0.15755208333333334
8 0.57763671875 0.4404296875 0.12890625 0.107421875
7 0.630126953125 0.3287760416666667 0.05029296875 0.16145833333333334
10 0.172607421875 0.671875 0.09033203125 0.20703125
10 0.11376953125 0.7037760416666666 0.056640625 0.14973958333333334
1 0.482666015625 0.5283203125 0.18115234375 0.041015625
6 0.3837890625 0.4482421875 0.02734375 0.068359375
0 0.630859375 0.5198567708333334 0.12109375 0.037109375
7 0.66748046875 0.4430338541666667 0.0537109375 0.12174479166666667
6 0.542724609375 0.35546875 0.04052734375 0.06510416666666667
2 0.56591796875 0.3746744791666667 0.0673828125 0.038411458333333336
8 0.67333984375 0.421875 0.1455078125 0.10807291666666667
5 0.1240234375 0.8092447916666666 0.076171875 0.10286458333333333
5 0.199951171875 0.822265625 0.06396484375 0.08854166666666667
10 0.96728515625 0.3873697916666667 0.0654296875 0.27734375
7 0.933837890625 0.6354166666666666 0.09033203125 0.24088541666666666
7 0.891845703125 0.8424479166666666 0.08447265625 0.17838541666666666
10 0.9677734375 0.802734375 0.0537109375 0.1953125
