0 0.39990234375 0.5055338541666666 0.0537109375 0.16731770833333334
1 0.357177734375 0.3564453125 0.03955078125 0.10481770833333333
2 0.327392578125 0.3427734375 0.08837890625 0.07096354166666667
3 0.4580078125 0.4267578125 0.2255859375 0.13346354166666666
6 0.266357421875 0.462890625 0.03173828125 0.05078125
7 0.306396484375 0.4186197916666667 0.16552734375 0.13151041666666666
9 0.393798828125 0.3958333333333333 0.05712890625 0.0703125
9 0.330078125 0.4928385416666667 0.0673828125 0.10416666666666667
10 0.371337890625 0.3196614583333333 0.04443359375 0.09375
10 0.3193359375 0.3138020833333333 0.048828125 0.08723958333333333
10 0.46044921875 0.35546875 0.0986328125 0.06770833333333333
11 0.406494140625 0.357421875 0.03662109375 0.059895833333333336
14 0.411376953125 0.4599609375 0.06689453125 0.08658854166666667
