0 0.54638671875 0.6080729166666666 0.0546875 0.020833333333333332
1 0.434814453125 0.6448567708333334 0.04345703125 0.048828125
2 0.480224609375 0.6246744791666666 0.09423828125 0.07747395833333333
4 0.546630859375 0.6422526041666666 0.05419921875 0.047526041666666664
5 0.592529296875 0.5579427083333334 0.05029296875 0.05859375
7 0.451904296875 0.5035807291666666 0.05322265625 0.177734375
9 0.392333984375 0.6429036458333334 0.05126953125 0.064453125
10 0.50927734375 0.5826822916666666 0.0302734375 0.03125
10 0.410888671875 0.5908203125 0.06103515625 0.076171875
11 0.645751953125 0.5846354166666666 0.03662109375 0.046875
12 0.362548828125 0.5804036458333334 0.05224609375 0.061848958333333336
12 0.510009765625 0.5478515625 0.09130859375 0.052734375
14 0.47509765625 0.5963541666666666 0.06640625 0.055989583333333336
16 0.35498046875 0.6263020833333334 0.0419921875 0.0390625
17 0.50830078125 0.5869140625 0.4345703125 0.3743489583333333
