0 0.301513671875 0.4147135416666667 0.06982421875 0.05859375
0 0.3828125 0.46875 0.056640625 0.044270833333333336
0 0.454833984375 0.2740885416666667 0.08837890625 0.0546875
1 0.661865234375 0.4811197916666667 0.12060546875 0.13151041666666666
1 0.5888671875 0.3899739583333333 0.0341796875 0.026041666666666668
5 0.476806640625 0.3369140625 0.05126953125 0.103515625
8 0.514892578125 0.4723307291666667 0.18408203125 0.19205729166666666
9 0.688232421875 0.376953125 0.04931640625 0.11067708333333333
9 0.426025390625 0.2942708333333333 0.04736328125 0.08463541666666667
10 0.39697265625 0.4186197916666667 0.0771484375 0.07552083333333333
10 0.4462890625 0.4091796875 0.0634765625 0.060546875
10 0.542236328125 0.2731119791666667 0.06884765625 0.2662760416666667
10 0.59814453125 0.3304036458333333 0.04296875 0.08138020833333333
11 0.3359375 0.4752604166666667 0.08203125 0.08463541666666667
12 0.651123046875 0.31640625 0.06982421875 0.27734375
13 0.35546875 0.375 0.05078125 0.07552083333333333
14 0.401123046875 0.3430989583333333 0.07470703125 0.10677083333333333
17 0.526123046875 0.3935546875 0.56884765625 0.5358072916666666
