1 0.55810546875 0.3805338541666667 0.033203125 0.039713541666666664
2 0.575439453125 0.4176432291666667 0.08251953125 0.103515625
7 0.515380859375 0.2158203125 0.12646484375 0.11002604166666667
8 0.6025390625 0.3544921875 0.1123046875 0.158203125
9 0.539794921875 0.3108723958333333 0.03662109375 0.037109375
9 0.4833984375 0.3395182291666667 0.041015625 0.07877604166666667
9 0.498291015625 0.2555338541666667 0.03271484375 0.035807291666666664
10 0.4345703125 0.4127604166666667 0.06640625 0.11067708333333333
10 0.588623046875 0.4036458333333333 0.09033203125 0.0625
10 0.529296875 0.3665364583333333 0.0458984375 0.11197916666666667
10 0.490966796875 0.2841796875 0.07763671875 0.080078125
11 0.25634765625 0.4329427083333333 0.03515625 0.1015625
14 0.4482421875 0.2998046875 0.05078125 0.07356770833333333
15 0.469970703125 0.3649088541666667 0.08740234375 0.080078125
17 0.544921875 0.34765625 0.3134765625 0.4361979166666667
