1 0.410888671875 0.5670572916666666 0.25732421875 0.109375
5 0.47216796875 0.4404296875 0.041015625 0.07877604166666667
6 0.327880859375 0.4762369791666667 0.05029296875 0.039713541666666664
7 0.52294921875 0.4026692708333333 0.0732421875 0.263671875
8 0.4677734375 0.3411458333333333 0.083984375 0.1171875
8 0.365966796875 0.40234375 0.19091796875 0.14322916666666666
10 0.568115234375 0.4820963541666667 0.05322265625 0.10611979166666667
10 0.6083984375 0.4762369791666667 0.068359375 0.130859375
12 0.4326171875 0.4860026041666667 0.177734375 0.12174479166666667
17 0.476806640625 0.4837239583333333 0.51611328125 0.4674479166666667
