12 0.57177734375 0.2763671875 0.05859375 0.20768229166666666
12 0.5009765625 0.2727864583333333 0.052734375 0.203125
2 0.61083984375 0.3583984375 0.0966796875 0.11002604166666667
7 0.14599609375 0.6276041666666666 0.072265625 0.13541666666666666
8 0.193115234375 0.7561848958333334 0.20751953125 0.15690104166666666
2 0.52099609375 0.4537760416666667 0.083984375 0.14192708333333334
16 0.8486328125 0.7350260416666666 0.0498046875 0.052083333333333336
4 0.67822265625 0.3951822916666667 0.0595703125 0.09765625
10 0.37841796875 0.4202473958333333 0.0537109375 0.19856770833333334
17 0.536376953125 0.3984375 0.55908203125 0.5182291666666666
13 0.879638671875 0.8024088541666666 0.05908203125 0.09049479166666667
14 0.904296875 0.7301432291666666 0.064453125 0.061848958333333336
7 0.04638671875 0.7591145833333334 0.091796875 0.20833333333333334
3 0.435546875 0.3001302083333333 0.2763671875 0.3294270833333333
5 0.458740234375 0.3889973958333333 0.05908203125 0.138671875
14 0.904296875 0.7301432291666666 0.0654296875 0.06315104166666667
14 0.119384765625 0.8623046875 0.08349609375 0.10872395833333333
0 0.550537109375 0.5364583333333334 0.18310546875 0.06640625
2 0.611328125 0.439453125 0.099609375 0.07421875
10 0.92822265625 0.8284505208333334 0.109375 0.22200520833333334
6 0.833740234375 0.7027994791666666 0.08544921875 0.039713541666666664
7 0.404296875 0.3587239583333333 0.0556640625 0.12760416666666666
