0 0.58203125 0.3772786458333333 0.1142578125 0.09700520833333333
2 0.4638671875 0.4781901041666667 0.109375 0.10611979166666667
2 0.361572265625 0.4488932291666667 0.11474609375 0.11263020833333333
3 0.445556640625 0.3704427083333333 0.12255859375 0.0625
6 0.4921875 0.4007161458333333 0.08203125 0.072265625
9 0.587646484375 0.3850911458333333 0.04931640625 0.11653645833333333
10 0.510986328125 0.4378255208333333 0.17529296875 0.076171875
10 0.34716796875 0.4225260416666667 0.11328125 0.057291666666666664
10 0.410400390625 0.3922526041666667 0.06591796875 0.029296875
12 0.458251953125 0.3095703125 0.05712890625 0.17903645833333334
14 0.534912109375 0.384765625 0.07763671875 0.06770833333333333
17 0.467529296875 0.4462890625 0.60205078125 0.4733072916666667
