0 0.482421875 0.2838541666666667 0.0595703125 0.032552083333333336
1 0.46435546875 0.3815104166666667 0.0322265625 0.16927083333333334
2 0.481689453125 0.455078125 0.10205078125 0.11067708333333333
3 0.385986328125 0.3486328125 0.26611328125 0.08138020833333333
6 0.558837890625 0.4065755208333333 0.07861328125 0.061848958333333336
7 0.541259765625 0.23600260416666666 0.11865234375 0.12434895833333333
9 0.534423828125 0.3050130208333333 0.04833984375 0.09049479166666667
9 0.451904296875 0.3375651041666667 0.05126953125 0.055338541666666664
10 0.486328125 0.4404296875 0.0546875 0.08268229166666667
10 0.442138671875 0.3870442708333333 0.04638671875 0.11002604166666667
10 0.36181640625 0.3932291666666667 0.115234375 0.057291666666666664
10 0.527099609375 0.3668619791666667 0.12158203125 0.076171875
11 0.408203125 0.4498697916666667 0.05078125 0.08203125
14 0.46435546875 0.3079427083333333 0.0537109375 0.053385416666666664
17 0.470458984375 0.3837890625 0.43798828125 0.4173177083333333
