10 0.124267578125 0.6158854166666666 0.06787109375 0.16666666666666666
10 0.641845703125 0.4055989583333333 0.05224609375 0.19401041666666666
9 0.66259765625 0.2698567708333333 0.056640625 0.138671875
7 0.519775390625 0.2688802083333333 0.04541015625 0.20182291666666666
8 0.194580078125 0.7483723958333334 0.22900390625 0.130859375
12 0.349609375 0.2864583333333333 0.0654296875 0.20963541666666666
13 0.881103515625 0.802734375 0.05712890625 0.08723958333333333
12 0.231201171875 0.9388020833333334 0.07958984375 0.12239583333333333
5 0.553466796875 0.3802083333333333 0.06396484375 0.14192708333333334
6 0.83837890625 0.7037760416666666 0.091796875 0.03125
7 0.04833984375 0.7584635416666666 0.095703125 0.23046875
8 0.412109375 0.3369140625 0.07421875 0.13216145833333334
16 0.847412109375 0.7356770833333334 0.04443359375 0.05078125
14 0.119140625 0.8623046875 0.0849609375 0.107421875
14 0.904052734375 0.73046875 0.06494140625 0.061197916666666664
0 0.5625 0.3138020833333333 0.0771484375 0.049479166666666664
10 0.46826171875 0.501953125 0.140625 0.12890625
0 0.7041015625 0.4264322916666667 0.0439453125 0.06901041666666667
10 0.34423828125 0.4401041666666667 0.083984375 0.18489583333333334
2 0.6005859375 0.3639322916666667 0.0439453125 0.09765625
10 0.47509765625 0.2890625 0.078125 0.2916666666666667
12 0.32470703125 0.6920572916666666 0.0625 0.17578125
10 0.93310546875 0.8255208333333334 0.103515625 0.22135416666666666
15 0.24658203125 0.6588541666666666 0.08984375 0.059895833333333336
17 0.513671875 0.3678385416666667 0.5146484375 0.43359375
