1 0.247802734375 0.5537109375 0.06201171875 0.126953125
5 0.67333984375 0.4446614583333333 0.1142578125 0.19140625
7 0.39892578125 0.19563802083333334 0.0908203125 0.20638020833333334
8 0.452392578125 0.462890625 0.23681640625 0.37890625
8 0.622802734375 0.3434244791666667 0.25927734375 0.267578125
9 0.572265625 0.5826822916666666 0.1123046875 0.2734375
10 0.348876953125 0.3603515625 0.07275390625 0.134765625
10 0.276123046875 0.3919270833333333 0.08447265625 0.15885416666666666
10 0.32763671875 0.4895833333333333 0.064453125 0.09244791666666667
10 0.59130859375 0.4228515625 0.076171875 0.06575520833333333
11 0.748291015625 0.4973958333333333 0.08544921875 0.14192708333333334
17 0.4306640625 0.52734375 0.783203125 0.8828125
