10 0.125244140625 0.6155598958333334 0.06689453125 0.16731770833333334
9 0.533203125 0.4287109375 0.0654296875 0.16861979166666666
12 0.39599609375 0.2708333333333333 0.05078125 0.22005208333333334
6 0.835693359375 0.7099609375 0.09130859375 0.041015625
10 0.294921875 0.4352213541666667 0.111328125 0.111328125
14 0.59423828125 0.3235677083333333 0.0712890625 0.0859375
8 0.1982421875 0.7552083333333334 0.2001953125 0.11458333333333333
10 0.46923828125 0.22819010416666666 0.064453125 0.18424479166666666
13 0.62353515625 0.4065755208333333 0.07421875 0.09049479166666667
9 0.337158203125 0.3466796875 0.04345703125 0.087890625
8 0.538818359375 0.2958984375 0.08544921875 0.052734375
12 0.2333984375 0.9381510416666666 0.0771484375 0.12369791666666667
13 0.880615234375 0.8014322916666666 0.05615234375 0.09375
11 0.656982421875 0.3639322916666667 0.05517578125 0.046875
16 0.34619140625 0.4869791666666667 0.080078125 0.0546875
1 0.42333984375 0.478515625 0.076171875 0.15494791666666666
0 0.634765625 0.5143229166666666 0.1298828125 0.1015625
0 0.69921875 0.4440104166666667 0.0810546875 0.059895833333333336
11 0.2919921875 0.3333333333333333 0.0595703125 0.13020833333333334
0 0.50390625 0.3248697916666667 0.1337890625 0.032552083333333336
5 0.48583984375 0.404296875 0.05859375 0.13411458333333334
10 0.4345703125 0.42578125 0.0419921875 0.11197916666666667
12 0.33203125 0.6920572916666666 0.0634765625 0.17317708333333334
4 0.216796875 0.5384114583333334 0.0478515625 0.05078125
10 0.93017578125 0.8274739583333334 0.10546875 0.22786458333333334
15 0.2470703125 0.6588541666666666 0.0908203125 0.06510416666666667
17 0.5068359375 0.390625 0.5302734375 0.4192708333333333
