0 0.435791015625 0.2828776041666667 0.05224609375 0.07096354166666667
0 0.302001953125 0.4055989583333333 0.03564453125 0.07682291666666667
0 0.31494140625 0.470703125 0.1083984375 0.0546875
1 0.68212890625 0.4108072916666667 0.0341796875 0.109375
8 0.6259765625 0.4427083333333333 0.220703125 0.16145833333333334
9 0.374755859375 0.3310546875 0.05517578125 0.10872395833333333
10 0.5048828125 0.3092447916666667 0.0283203125 0.059895833333333336
10 0.54833984375 0.2662760416666667 0.07421875 0.2552083333333333
10 0.4521484375 0.4381510416666667 0.1279296875 0.07552083333333333
10 0.50048828125 0.4150390625 0.0986328125 0.057942708333333336
11 0.43603515625 0.513671875 0.107421875 0.09505208333333333
11 0.599365234375 0.2978515625 0.03076171875 0.13346354166666666
12 0.633544921875 0.2828776041666667 0.06005859375 0.240234375
13 0.36669921875 0.4140625 0.0654296875 0.08463541666666667
14 0.439453125 0.3629557291666667 0.080078125 0.103515625
17 0.531494140625 0.4010416666666667 0.58251953125 0.5234375
