10 0.642578125 0.66796875 0.0302734375 0.10807291666666667
13 0.425537109375 0.697265625 0.04443359375 0.06380208333333333
7 0.450439453125 0.5231119791666666 0.04248046875 0.095703125
10 0.684814453125 0.6770833333333334 0.02490234375 0.08854166666666667
13 0.633544921875 0.7535807291666666 0.03271484375 0.047526041666666664
9 0.46337890625 0.72265625 0.0458984375 0.09114583333333333
16 0.603271484375 0.7327473958333334 0.02392578125 0.041015625
10 0.504638671875 0.5862630208333334 0.02587890625 0.10481770833333333
10 0.663330078125 0.7548828125 0.03662109375 0.11263020833333333
17 0.392333984375 0.6702473958333334 0.37744140625 0.380859375
14 0.34033203125 0.7154947916666666 0.0576171875 0.07291666666666667
14 0.36572265625 0.6695963541666666 0.0517578125 0.046223958333333336
2 0.35498046875 0.736328125 0.0732421875 0.1015625
5 0.29052734375 0.6888020833333334 0.052734375 0.08203125
8 0.51318359375 0.6875 0.1240234375 0.08333333333333333
12 0.401123046875 0.5989583333333334 0.03955078125 0.15494791666666666
5 0.450439453125 0.6142578125 0.03955078125 0.068359375
6 0.451904296875 0.5735677083333334 0.07080078125 0.03515625
2 0.372802734375 0.5608723958333334 0.04248046875 0.059244791666666664
2 0.368408203125 0.6028645833333334 0.03466796875 0.032552083333333336
