0 0.474365234375 0.3193359375 0.15673828125 0.046223958333333336
0 0.536376953125 0.5416666666666666 0.19482421875 0.061197916666666664
0 0.658447265625 0.4820963541666667 0.04638671875 0.10221354166666667
0 0.662109375 0.4313151041666667 0.0673828125 0.068359375
1 0.364501953125 0.4837239583333333 0.05126953125 0.08072916666666667
5 0.454833984375 0.3463541666666667 0.05712890625 0.024739583333333332
8 0.60498046875 0.3199869791666667 0.162109375 0.08919270833333333
9 0.452880859375 0.4303385416666667 0.08056640625 0.14192708333333334
9 0.384521484375 0.3277994791666667 0.05029296875 0.09830729166666667
10 0.3994140625 0.4026692708333333 0.0556640625 0.080078125
10 0.307861328125 0.3857421875 0.12841796875 0.08658854166666667
10 0.490234375 0.2669270833333333 0.0732421875 0.2669270833333333
10 0.58642578125 0.3981119791666667 0.1103515625 0.09049479166666667
11 0.33837890625 0.3040364583333333 0.046875 0.109375
11 0.6875 0.40234375 0.0419921875 0.05859375
12 0.443359375 0.23665364583333334 0.0556640625 0.17252604166666666
13 0.58935546875 0.4306640625 0.0712890625 0.09830729166666667
14 0.5927734375 0.3408203125 0.080078125 0.09700520833333333
16 0.298828125 0.4469401041666667 0.072265625 0.07486979166666667
17 0.51904296875 0.37890625 0.5546875 0.4869791666666667
