0 0.499755859375 0.4625651041666667 0.02978515625 0.024088541666666668
0 0.67919921875 0.3873697916666667 0.0361328125 0.029947916666666668
1 0.32763671875 0.5068359375 0.0302734375 0.13216145833333334
2 0.683349609375 0.4443359375 0.10498046875 0.08268229166666667
5 0.51220703125 0.4000651041666667 0.0498046875 0.09049479166666667
7 0.4541015625 0.4026692708333333 0.0712890625 0.263671875
9 0.721923828125 0.4977213541666667 0.10498046875 0.080078125
10 0.5908203125 0.4521484375 0.109375 0.072265625
10 0.554931640625 0.5 0.16943359375 0.09765625
12 0.58154296875 0.544921875 0.1865234375 0.12369791666666667
12 0.406005859375 0.4576822916666667 0.05322265625 0.13671875
13 0.571044921875 0.4020182291666667 0.05517578125 0.06705729166666667
14 0.685791015625 0.4192708333333333 0.07861328125 0.07161458333333333
16 0.68505859375 0.5546875 0.060546875 0.059895833333333336
17 0.49609375 0.4833984375 0.55078125 0.4459635416666667
