0 0.380859375 0.2796223958333333 0.02734375 0.020182291666666668
1 0.50341796875 0.3938802083333333 0.1201171875 0.14583333333333334
2 0.549560546875 0.4521484375 0.11083984375 0.14127604166666666
3 0.30419921875 0.4143880208333333 0.3369140625 0.18033854166666666
6 0.543701171875 0.3740234375 0.02880859375 0.046223958333333336
7 0.46435546875 0.19661458333333334 0.18359375 0.10807291666666667
9 0.413330078125 0.3684895833333333 0.04931640625 0.1328125
9 0.4541015625 0.2796223958333333 0.048828125 0.10221354166666667
10 0.568359375 0.4231770833333333 0.134765625 0.07682291666666667
10 0.339111328125 0.4641927083333333 0.15869140625 0.12109375
10 0.50439453125 0.3427734375 0.048828125 0.083984375
10 0.463134765625 0.37890625 0.05810546875 0.16796875
11 0.4375 0.4892578125 0.095703125 0.11393229166666667
14 0.37841796875 0.3277994791666667 0.07421875 0.095703125
17 0.45263671875 0.3922526041666667 0.56640625 0.4889322916666667
