0 0.37744140625 0.4576822916666667 0.05078125 0.09375
0 0.4345703125 0.5325520833333334 0.140625 0.052083333333333336
0 0.52685546875 0.5553385416666666 0.0791015625 0.05859375
0 0.520263671875 0.3147786458333333 0.03955078125 0.08528645833333333
1 0.48486328125 0.3899739583333333 0.0244140625 0.01953125
5 0.525146484375 0.3776041666666667 0.04931640625 0.13020833333333334
8 0.774169921875 0.4664713541666667 0.27197265625 0.16861979166666666
9 0.4462890625 0.3740234375 0.068359375 0.134765625
10 0.6474609375 0.2965494791666667 0.06640625 0.291015625
10 0.589111328125 0.4905598958333333 0.14990234375 0.06966145833333333
10 0.5966796875 0.4527994791666667 0.1494140625 0.060546875
10 0.5732421875 0.3235677083333333 0.06640625 0.06901041666666667
11 0.60595703125 0.5774739583333334 0.1005859375 0.11458333333333333
12 0.724365234375 0.2848307291666667 0.08349609375 0.23111979166666666
13 0.47705078125 0.4615885416666667 0.0693359375 0.11458333333333333
14 0.564453125 0.3974609375 0.1044921875 0.12434895833333333
16 0.48876953125 0.3531901041666667 0.0185546875 0.042317708333333336
17 0.62255859375 0.4254557291666667 0.6015625 0.626953125
