10 0.489501953125 0.68359375 0.03369140625 0.11067708333333333
9 0.292236328125 0.6930338541666666 0.04248046875 0.08528645833333333
10 0.60498046875 0.6380208333333334 0.0263671875 0.08984375
12 0.39501953125 0.591796875 0.0400390625 0.15885416666666666
17 0.390869140625 0.6962890625 0.38232421875 0.384765625
7 0.513427734375 0.6103515625 0.03759765625 0.15950520833333334
13 0.3349609375 0.6676432291666666 0.0419921875 0.064453125
10 0.597412109375 0.5667317708333334 0.02001953125 0.051432291666666664
10 0.558349609375 0.5804036458333334 0.02392578125 0.09049479166666667
5 0.443603515625 0.6497395833333334 0.03955078125 0.09635416666666667
5 0.34130859375 0.5738932291666666 0.0439453125 0.050130208333333336
6 0.44140625 0.6100260416666666 0.029296875 0.06901041666666667
14 0.355712890625 0.6214192708333334 0.04833984375 0.047526041666666664
4 0.42138671875 0.7405598958333334 0.0556640625 0.059244791666666664
0 0.54345703125 0.6647135416666666 0.021484375 0.08723958333333333
2 0.47705078125 0.5774739583333334 0.04296875 0.0625
14 0.300537109375 0.6067708333333334 0.04541015625 0.05078125
