9 0.552734375 0.5302734375 0.041015625 0.10611979166666667
10 0.22802734375 0.646484375 0.0400390625 0.12760416666666666
10 0.79833984375 0.7903645833333334 0.044921875 0.171875
8 0.71240234375 0.732421875 0.0888671875 0.13151041666666666
10 0.830078125 0.748046875 0.0322265625 0.18098958333333334
6 0.25146484375 0.7213541666666666 0.0458984375 0.02734375
10 0.46630859375 0.5514322916666666 0.0947265625 0.048177083333333336
7 0.75830078125 0.9505208333333334 0.1279296875 0.09765625
10 0.84033203125 0.8863932291666666 0.07421875 0.18294270833333334
7 0.7587890625 0.951171875 0.1279296875 0.09765625
11 0.2626953125 0.6038411458333334 0.033203125 0.09309895833333333
9 0.75830078125 0.9508463541666666 0.126953125 0.09700520833333333
16 0.476318359375 0.6110026041666666 0.05517578125 0.047526041666666664
12 0.402099609375 0.5891927083333334 0.12158203125 0.06510416666666667
11 0.31884765625 0.5520833333333334 0.048828125 0.12630208333333334
5 0.51220703125 0.5205078125 0.044921875 0.103515625
0 0.59130859375 0.56640625 0.0478515625 0.0625
10 0.375244140625 0.5419921875 0.07958984375 0.034505208333333336
12 0.43701171875 0.4921875 0.0458984375 0.12630208333333334
14 0.5 0.4593098958333333 0.0517578125 0.039713541666666664
8 0.396484375 0.5 0.056640625 0.057291666666666664
14 0.27099609375 0.6787109375 0.044921875 0.055338541666666664
7 0.76953125 0.6888020833333334 0.048828125 0.14713541666666666
4 0.87646484375 0.9384765625 0.0576171875 0.068359375
9 0.95361328125 0.24837239583333334 0.05078125 0.09830729166666667
2 0.897216796875 0.26953125 0.07763671875 0.053385416666666664
17 0.468017578125 0.5556640625 0.37646484375 0.23763020833333334
