10 0.72021484375 0.6917317708333334 0.0302734375 0.10221354166666667
10 0.669189453125 0.6240234375 0.02587890625 0.10221354166666667
17 0.481201171875 0.7542317708333334 0.42626953125 0.4329427083333333
13 0.544921875 0.634765625 0.02734375 0.06380208333333333
5 0.45361328125 0.6507161458333334 0.041015625 0.064453125
10 0.7138671875 0.6083984375 0.0234375 0.055338541666666664
14 0.5732421875 0.671875 0.0439453125 0.06901041666666667
2 0.465576171875 0.7164713541666666 0.07958984375 0.08658854166666667
9 0.54541015625 0.5852864583333334 0.0302734375 0.046875
12 0.517578125 0.6318359375 0.0390625 0.16731770833333334
15 0.453857421875 0.6178385416666666 0.03759765625 0.057291666666666664
16 0.6845703125 0.6507161458333334 0.017578125 0.024088541666666668
4 0.59228515625 0.7311197916666666 0.048828125 0.06770833333333333
5 0.636474609375 0.7014973958333334 0.05126953125 0.08268229166666667
14 0.6181640625 0.6311848958333334 0.0458984375 0.039713541666666664
2 0.61376953125 0.6383463541666666 0.0791015625 0.047526041666666664
2 0.46728515625 0.7783203125 0.0859375 0.038411458333333336
0 0.36767578125 0.7711588541666666 0.056640625 0.09440104166666667
7 0.388916015625 0.673828125 0.05810546875 0.18619791666666666
