0 0.564208984375 0.2858072916666667 0.04638671875 0.033854166666666664
1 0.44873046875 0.5231119791666666 0.2939453125 0.083984375
2 0.460693359375 0.3414713541666667 0.06884765625 0.07486979166666667
4 0.5556640625 0.3434244791666667 0.046875 0.12434895833333333
7 0.37060546875 0.2610677083333333 0.0703125 0.16666666666666666
8 0.35888671875 0.4222005208333333 0.2080078125 0.13606770833333334
9 0.601318359375 0.466796875 0.07080078125 0.14973958333333334
10 0.627685546875 0.3138020833333333 0.05126953125 0.15234375
10 0.6875 0.4091796875 0.1083984375 0.091796875
10 0.49755859375 0.2981770833333333 0.0927734375 0.32421875
11 0.673583984375 0.4358723958333333 0.05615234375 0.19466145833333334
12 0.517822265625 0.3597005208333333 0.08544921875 0.3001302083333333
17 0.529296875 0.3792317708333333 0.61328125 0.5279947916666666
