7 0.630126953125 0.2858072916666667 0.05712890625 0.22005208333333334
10 0.67578125 0.3509114583333333 0.046875 0.16927083333333334
10 0.040771484375 0.6946614583333334 0.08056640625 0.19661458333333334
12 0.4775390625 0.2760416666666667 0.0556640625 0.20442708333333334
9 0.44091796875 0.474609375 0.0693359375 0.14322916666666666
16 0.85009765625 0.7301432291666666 0.0478515625 0.055338541666666664
2 0.52978515625 0.279296875 0.0615234375 0.06640625
6 0.571044921875 0.294921875 0.08349609375 0.06770833333333333
7 0.14453125 0.626953125 0.068359375 0.13151041666666666
14 0.39697265625 0.3902994791666667 0.0673828125 0.09700520833333333
8 0.194580078125 0.7408854166666666 0.20263671875 0.12369791666666667
13 0.871826171875 0.7975260416666666 0.05419921875 0.09375
17 0.5380859375 0.4443359375 0.5517578125 0.5162760416666666
8 0.556640625 0.46875 0.1796875 0.20182291666666666
5 0.5712890625 0.3701171875 0.056640625 0.10091145833333333
10 0.974853515625 0.6529947916666666 0.04931640625 0.16927083333333334
9 0.43994140625 0.4733072916666667 0.068359375 0.14713541666666666
12 0.333740234375 0.6871744791666666 0.06103515625 0.17252604166666666
12 0.47802734375 0.275390625 0.0556640625 0.20572916666666666
14 0.314697265625 0.3841145833333333 0.08447265625 0.07682291666666667
2 0.32470703125 0.439453125 0.1142578125 0.09114583333333333
4 0.643310546875 0.4586588541666667 0.06689453125 0.07096354166666667
5 0.32275390625 0.3365885416666667 0.072265625 0.0390625
7 0.085693359375 0.541015625 0.06591796875 0.10286458333333333
7 0.091796875 0.6451822916666666 0.056640625 0.09375
3 0.113525390625 0.8414713541666666 0.22509765625 0.083984375
10 0.919677734375 0.8326822916666666 0.09912109375 0.22786458333333334
5 0.984619140625 0.8082682291666666 0.03076171875 0.12955729166666666
8 0.076904296875 0.4296875 0.15283203125 0.14713541666666666
