0 0.577392578125 0.3619791666666667 0.06884765625 0.11328125
2 0.40625 0.3665364583333333 0.0732421875 0.07161458333333333
2 0.38134765625 0.3343098958333333 0.0576171875 0.052734375
6 0.45166015625 0.328125 0.111328125 0.03515625
9 0.525390625 0.3473307291666667 0.0498046875 0.11263020833333333
10 0.37451171875 0.298828125 0.0654296875 0.049479166666666664
10 0.46044921875 0.3688151041666667 0.052734375 0.061848958333333336
12 0.481689453125 0.2535807291666667 0.04248046875 0.14518229166666666
14 0.556640625 0.3515625 0.02734375 0.059895833333333336
17 0.44677734375 0.3170572916666667 0.4501953125 0.3190104166666667
