10 0.12548828125 0.6158854166666666 0.0673828125 0.16666666666666666
10 0.341064453125 0.3981119791666667 0.05126953125 0.18424479166666666
7 0.63671875 0.31640625 0.068359375 0.24348958333333334
11 0.689453125 0.4208984375 0.0576171875 0.068359375
8 0.206787109375 0.7529296875 0.19580078125 0.12565104166666666
12 0.232177734375 0.9384765625 0.07861328125 0.123046875
6 0.840087890625 0.7044270833333334 0.08837890625 0.03125
13 0.878662109375 0.8014322916666666 0.05908203125 0.08984375
8 0.5634765625 0.3346354166666667 0.0927734375 0.1015625
4 0.21630859375 0.5374348958333334 0.0361328125 0.038411458333333336
16 0.847412109375 0.7340494791666666 0.04443359375 0.054036458333333336
9 0.46875 0.3284505208333333 0.0732421875 0.17643229166666666
14 0.90478515625 0.73046875 0.0654296875 0.061197916666666664
2 0.560302734375 0.4462890625 0.10791015625 0.11783854166666667
14 0.90478515625 0.73046875 0.0673828125 0.0625
9 0.40283203125 0.3196614583333333 0.0439453125 0.08723958333333333
5 0.474365234375 0.46484375 0.08251953125 0.12239583333333333
0 0.49853515625 0.5432942708333334 0.1943359375 0.044921875
0 0.63525390625 0.4944661458333333 0.0380859375 0.10481770833333333
11 0.356689453125 0.2952473958333333 0.03662109375 0.11263020833333333
0 0.4208984375 0.3095703125 0.0478515625 0.034505208333333336
1 0.48876953125 0.1904296875 0.0634765625 0.12565104166666666
12 0.327392578125 0.69140625 0.06591796875 0.18489583333333334
15 0.24853515625 0.658203125 0.1015625 0.06510416666666667
14 0.12060546875 0.8600260416666666 0.0908203125 0.12109375
7 0.05126953125 0.7584635416666666 0.095703125 0.22005208333333334
7 0.090087890625 0.7392578125 0.06591796875 0.12044270833333333
17 0.531982421875 0.376953125 0.55908203125 0.4544270833333333
10 0.932861328125 0.8268229166666666 0.10693359375 0.23567708333333334
