9 0.579345703125 0.6145833333333334 0.03564453125 0.07161458333333333
17 0.486572265625 0.7457682291666666 0.41748046875 0.470703125
2 0.4326171875 0.6956380208333334 0.0751953125 0.07356770833333333
10 0.461669921875 0.5520833333333334 0.02392578125 0.07421875
14 0.573486328125 0.69140625 0.05029296875 0.0703125
10 0.498291015625 0.7317708333333334 0.05224609375 0.18098958333333334
5 0.623291015625 0.734375 0.05810546875 0.10807291666666667
5 0.4619140625 0.6520182291666666 0.0390625 0.091796875
7 0.38671875 0.6344401041666666 0.046875 0.162109375
2 0.433349609375 0.7607421875 0.06689453125 0.044921875
0 0.360595703125 0.7268880208333334 0.02099609375 0.091796875
2 0.63134765625 0.6624348958333334 0.078125 0.060546875
6 0.650146484375 0.6708984375 0.06103515625 0.016276041666666668
4 0.564453125 0.7568359375 0.046875 0.080078125
6 0.5 0.6031901041666666 0.0166015625 0.048828125
