10 0.3251953125 0.3818359375 0.0517578125 0.177734375
12 0.507080078125 0.2880859375 0.05810546875 0.23763020833333334
2 0.56201171875 0.3766276041666667 0.1083984375 0.11653645833333333
16 0.85009765625 0.7307942708333334 0.048828125 0.056640625
10 0.0400390625 0.7135416666666666 0.0791015625 0.16276041666666666
13 0.87158203125 0.7978515625 0.0537109375 0.087890625
10 0.97119140625 0.6500651041666666 0.0576171875 0.17252604166666666
17 0.53271484375 0.458984375 0.5927734375 0.5690104166666666
8 0.19189453125 0.7399088541666666 0.2001953125 0.12044270833333333
7 0.42138671875 0.3681640625 0.0869140625 0.2897135416666667
7 0.14501953125 0.6259765625 0.068359375 0.13216145833333334
5 0.631103515625 0.3177083333333333 0.06884765625 0.057291666666666664
12 0.3310546875 0.7054036458333334 0.0595703125 0.17252604166666666
10 0.92138671875 0.8307291666666666 0.10546875 0.22005208333333334
0 0.439697265625 0.5345052083333334 0.17529296875 0.036458333333333336
2 0.56005859375 0.4612630208333333 0.107421875 0.07486979166666667
4 0.630859375 0.37890625 0.05859375 0.06380208333333333
14 0.56396484375 0.2890625 0.0556640625 0.05078125
8 0.361572265625 0.3401692708333333 0.04052734375 0.091796875
6 0.468017578125 0.3053385416666667 0.03662109375 0.024739583333333332
8 0.076416015625 0.4332682291666667 0.15185546875 0.138671875
