1 0.473388671875 0.3997395833333333 0.03173828125 0.046875
2 0.503662109375 0.4599609375 0.10693359375 0.15169270833333334
7 0.49609375 0.1748046875 0.15625 0.169921875
8 0.585693359375 0.3880208333333333 0.13623046875 0.24739583333333334
9 0.4052734375 0.3167317708333333 0.05859375 0.10221354166666667
9 0.483642578125 0.3255208333333333 0.03466796875 0.12890625
9 0.4716796875 0.23274739583333334 0.048828125 0.076171875
10 0.301025390625 0.4124348958333333 0.14111328125 0.123046875
10 0.444091796875 0.3792317708333333 0.06005859375 0.162109375
10 0.523193359375 0.4449869791666667 0.10888671875 0.10611979166666667
11 0.395751953125 0.45703125 0.10400390625 0.13151041666666666
14 0.390869140625 0.2698567708333333 0.05322265625 0.08528645833333333
15 0.375732421875 0.3505859375 0.08251953125 0.12044270833333333
17 0.47216796875 0.3603515625 0.470703125 0.5735677083333334
