1 0.48974609375 0.3248697916666667 0.0322265625 0.03515625
2 0.48828125 0.3811848958333333 0.0849609375 0.11263020833333333
7 0.583251953125 0.23990885416666666 0.08251953125 0.12955729166666666
8 0.566162109375 0.3889973958333333 0.13134765625 0.18424479166666666
9 0.524169921875 0.2965494791666667 0.03662109375 0.029296875
9 0.558837890625 0.2705078125 0.03564453125 0.048828125
10 0.50927734375 0.2594401041666667 0.0654296875 0.099609375
10 0.49169921875 0.369140625 0.0361328125 0.045572916666666664
10 0.462890625 0.3115234375 0.0390625 0.10872395833333333
10 0.3876953125 0.2981770833333333 0.1015625 0.06380208333333333
11 0.4208984375 0.35546875 0.0390625 0.07421875
15 0.44970703125 0.3024088541666667 0.01953125 0.068359375
17 0.51318359375 0.34375 0.380859375 0.3619791666666667
