1 0.64404296875 0.8929036458333334 0.21875 0.056640625
8 0.552978515625 0.8369140625 0.20751953125 0.12565104166666666
9 0.729736328125 0.8173828125 0.05517578125 0.11002604166666667
10 0.579833984375 0.7698567708333334 0.11474609375 0.107421875
10 0.62890625 0.7470703125 0.1005859375 0.08528645833333333
10 0.67333984375 0.8170572916666666 0.0654296875 0.08984375
11 0.753662109375 0.78515625 0.05615234375 0.13151041666666666
12 0.6962890625 0.775390625 0.0615234375 0.061197916666666664
13 0.484130859375 0.7822265625 0.02880859375 0.039713541666666664
14 0.514892578125 0.7623697916666666 0.05810546875 0.07161458333333333
17 0.6396484375 0.8369140625 0.45703125 0.326171875
