1 0.30908203125 0.53125 0.099609375 0.14583333333333334
1 0.583740234375 0.5348307291666666 0.15283203125 0.12825520833333334
6 0.348876953125 0.4332682291666667 0.08447265625 0.041015625
7 0.444580078125 0.4091796875 0.06396484375 0.2779947916666667
8 0.5341796875 0.3717447916666667 0.12109375 0.140625
8 0.364501953125 0.3743489583333333 0.10595703125 0.14192708333333334
10 0.56298828125 0.5045572916666666 0.12109375 0.12239583333333333
10 0.50244140625 0.4967447916666667 0.0947265625 0.11588541666666667
10 0.548828125 0.4407552083333333 0.08984375 0.0546875
12 0.36865234375 0.466796875 0.0830078125 0.13671875
17 0.46923828125 0.4768880208333333 0.5126953125 0.4759114583333333
