0 0.43310546875 0.3470052083333333 0.0966796875 0.16796875
0 0.689208984375 0.4729817708333333 0.09716796875 0.07096354166666667
0 0.560546875 0.4459635416666667 0.076171875 0.061197916666666664
1 0.2314453125 0.345703125 0.09765625 0.041666666666666664
2 0.593994140625 0.5651041666666666 0.17431640625 0.14973958333333334
4 0.6923828125 0.5458984375 0.05078125 0.107421875
5 0.573486328125 0.3518880208333333 0.09912109375 0.13346354166666666
6 0.50244140625 0.3466796875 0.076171875 0.099609375
7 0.33544921875 0.2649739583333333 0.10546875 0.3346354166666667
9 0.45751953125 0.6363932291666666 0.1728515625 0.22721354166666666
10 0.501220703125 0.4690755208333333 0.06201171875 0.15559895833333334
10 0.326416015625 0.4674479166666667 0.22998046875 0.16015625
11 0.643798828125 0.3512369791666667 0.05517578125 0.051432291666666664
12 0.421875 0.3209635416666667 0.1025390625 0.109375
12 0.264404296875 0.5 0.26220703125 0.20833333333333334
13 0.63720703125 0.4111328125 0.0810546875 0.107421875
16 0.323486328125 0.6412760416666666 0.12548828125 0.12369791666666667
17 0.431640625 0.4866536458333333 0.7041015625 0.8196614583333334
