1 0.218505859375 0.4547526041666667 0.16748046875 0.173828125
1 0.5126953125 0.65625 0.4541015625 0.033854166666666664
5 0.444580078125 0.4192708333333333 0.10595703125 0.15364583333333334
7 0.33251953125 0.3177083333333333 0.1396484375 0.33203125
8 0.46875 0.3011067708333333 0.1318359375 0.22981770833333334
8 0.622802734375 0.3854166666666667 0.24169921875 0.3841145833333333
9 0.762939453125 0.361328125 0.08056640625 0.20963541666666666
10 0.375 0.529296875 0.330078125 0.12239583333333333
10 0.424560546875 0.5911458333333334 0.32470703125 0.12369791666666667
10 0.59814453125 0.4983723958333333 0.130859375 0.17643229166666666
17 0.41357421875 0.5475260416666666 0.8154296875 0.8763020833333334
