0 0.5 0.2776692708333333 0.1318359375 0.056640625
0 0.35400390625 0.3600260416666667 0.02734375 0.08463541666666667
1 0.550537109375 0.53125 0.29052734375 0.0703125
8 0.410400390625 0.4661458333333333 0.25927734375 0.18098958333333334
9 0.675537109375 0.4192708333333333 0.06591796875 0.140625
10 0.516357421875 0.2978515625 0.06982421875 0.2962239583333333
10 0.663818359375 0.349609375 0.04736328125 0.0546875
10 0.561767578125 0.3746744791666667 0.02490234375 0.08138020833333333
10 0.37744140625 0.3785807291666667 0.0380859375 0.030598958333333332
10 0.419921875 0.3714192708333333 0.0302734375 0.018880208333333332
11 0.708740234375 0.3746744791666667 0.05615234375 0.17252604166666666
11 0.301025390625 0.4095052083333333 0.06689453125 0.07421875
12 0.6044921875 0.3444010416666667 0.06640625 0.2916666666666667
14 0.40234375 0.3196614583333333 0.0771484375 0.09635416666666667
16 0.64404296875 0.353515625 0.029296875 0.03515625
17 0.520263671875 0.4046223958333333 0.60205078125 0.505859375
