1 0.368408203125 0.5445963541666666 0.23291015625 0.09440104166666667
5 0.406982421875 0.4192708333333333 0.08544921875 0.09375
7 0.34423828125 0.3411458333333333 0.07421875 0.19921875
8 0.468994140625 0.3518880208333333 0.09912109375 0.11783854166666667
8 0.517822265625 0.4326171875 0.17236328125 0.21940104166666666
9 0.632568359375 0.458984375 0.06591796875 0.14192708333333334
10 0.3359375 0.4915364583333333 0.1748046875 0.10677083333333333
10 0.34814453125 0.4501953125 0.1708984375 0.08528645833333333
10 0.46533203125 0.48828125 0.0498046875 0.11328125
17 0.47314453125 0.4697265625 0.5048828125 0.4889322916666667
