2 0.38818359375 0.4013671875 0.09765625 0.138671875
6 0.564208984375 0.447265625 0.02392578125 0.037760416666666664
7 0.591796875 0.2392578125 0.0673828125 0.17122395833333334
8 0.490966796875 0.4150390625 0.19970703125 0.2766927083333333
9 0.548828125 0.298828125 0.0517578125 0.12369791666666667
9 0.443359375 0.2786458333333333 0.052734375 0.08072916666666667
9 0.48046875 0.2825520833333333 0.03515625 0.036458333333333336
10 0.503662109375 0.2858072916666667 0.10009765625 0.22005208333333334
10 0.39453125 0.2724609375 0.0478515625 0.11002604166666667
10 0.384765625 0.3811848958333333 0.0830078125 0.08528645833333333
10 0.31298828125 0.25 0.1357421875 0.10286458333333333
11 0.33251953125 0.33203125 0.0537109375 0.08723958333333333
17 0.460693359375 0.3997395833333333 0.48779296875 0.5
