12 0.52490234375 0.3141276041666667 0.05859375 0.251953125
7 0.14453125 0.6276041666666666 0.0751953125 0.13541666666666666
2 0.43603515625 0.3753255208333333 0.103515625 0.11653645833333333
8 0.1923828125 0.7571614583333334 0.2109375 0.15234375
7 0.46923828125 0.3310546875 0.0478515625 0.119140625
10 0.9716796875 0.6468098958333334 0.0556640625 0.15950520833333334
3 0.465576171875 0.236328125 0.22705078125 0.171875
13 0.87890625 0.8014322916666666 0.056640625 0.09114583333333333
14 0.90478515625 0.7307942708333334 0.064453125 0.060546875
17 0.53857421875 0.4417317708333333 0.572265625 0.5032552083333334
7 0.0419921875 0.7584635416666666 0.078125 0.22916666666666666
10 0.333251953125 0.2994791666666667 0.04052734375 0.09635416666666667
16 0.847412109375 0.7337239583333334 0.05029296875 0.052083333333333336
5 0.345703125 0.4065755208333333 0.0771484375 0.12174479166666667
14 0.119384765625 0.8662109375 0.08447265625 0.11393229166666667
6 0.838134765625 0.7047526041666666 0.08642578125 0.031901041666666664
8 0.65576171875 0.3876953125 0.205078125 0.13606770833333334
7 0.09521484375 0.6263020833333334 0.06640625 0.14453125
14 0.90380859375 0.7311197916666666 0.06640625 0.0625
0 0.300537109375 0.4720052083333333 0.07763671875 0.07682291666666667
4 0.52734375 0.4892578125 0.064453125 0.10611979166666667
4 0.63818359375 0.4720052083333333 0.0771484375 0.07942708333333333
1 0.65673828125 0.3365885416666667 0.2041015625 0.033854166666666664
2 0.43505859375 0.4602864583333333 0.115234375 0.07421875
10 0.933837890625 0.8326822916666666 0.10595703125 0.23697916666666666
12 0.332275390625 0.6888020833333334 0.06298828125 0.1875
