9 0.48046875 0.5543619791666666 0.048828125 0.10221354166666667
10 0.227783203125 0.6484375 0.03955078125 0.12890625
10 0.799560546875 0.7916666666666666 0.04541015625 0.17057291666666666
12 0.34912109375 0.564453125 0.08203125 0.07291666666666667
8 0.71142578125 0.734375 0.08984375 0.1328125
10 0.829833984375 0.751953125 0.03271484375 0.1875
6 0.250244140625 0.7223307291666666 0.04638671875 0.026692708333333332
13 0.572021484375 0.5439453125 0.04736328125 0.061848958333333336
7 0.760498046875 0.9514973958333334 0.13232421875 0.095703125
16 0.343505859375 0.6044921875 0.04638671875 0.043619791666666664
9 0.349853515625 0.5133463541666666 0.03369140625 0.059244791666666664
10 0.26318359375 0.6051432291666666 0.0341796875 0.09440104166666667
7 0.767333984375 0.6943359375 0.04541015625 0.14778645833333334
4 0.875732421875 0.9440104166666666 0.05224609375 0.06510416666666667
10 0.431884765625 0.5615234375 0.04248046875 0.068359375
14 0.538330078125 0.4925130208333333 0.04248046875 0.068359375
7 0.76025390625 0.9521484375 0.130859375 0.095703125
14 0.27099609375 0.6780598958333334 0.046875 0.056640625
0 0.530029296875 0.6116536458333334 0.12646484375 0.054036458333333336
12 0.423583984375 0.4986979166666667 0.08837890625 0.14453125
11 0.314453125 0.5042317708333334 0.0380859375 0.091796875
1 0.4306640625 0.59375 0.05859375 0.053385416666666664
12 0.621337890625 0.88671875 0.05615234375 0.1953125
17 0.472900390625 0.5810546875 0.39697265625 0.275390625
