1 0.489990234375 0.4339192708333333 0.10888671875 0.072265625
5 0.544677734375 0.3626302083333333 0.07177734375 0.06510416666666667
7 0.506591796875 0.2825520833333333 0.05224609375 0.11328125
8 0.61962890625 0.3147786458333333 0.125 0.06705729166666667
8 0.61181640625 0.3756510416666667 0.130859375 0.16666666666666666
9 0.693359375 0.400390625 0.060546875 0.125
10 0.554443359375 0.4108072916666667 0.04345703125 0.059895833333333336
10 0.4736328125 0.3994140625 0.0908203125 0.07356770833333333
10 0.49609375 0.375 0.09765625 0.059895833333333336
17 0.605224609375 0.3938802083333333 0.42431640625 0.3541666666666667
