1 0.310791015625 0.5989583333333334 0.03076171875 0.09505208333333333
7 0.3583984375 0.5530598958333334 0.0732421875 0.08268229166666667
9 0.5966796875 0.5472005208333334 0.0625 0.061848958333333336
9 0.39013671875 0.5869140625 0.046875 0.10221354166666667
10 0.435302734375 0.5205078125 0.08349609375 0.029296875
10 0.3662109375 0.46875 0.0390625 0.11458333333333333
12 0.51611328125 0.5882161458333334 0.12890625 0.10221354166666667
13 0.48828125 0.5026041666666666 0.0400390625 0.049479166666666664
14 0.547119140625 0.513671875 0.05419921875 0.05078125
14 0.44970703125 0.4752604166666667 0.0576171875 0.0546875
16 0.584716796875 0.5791015625 0.03857421875 0.050130208333333336
15 0.492431640625 0.5686848958333334 0.10009765625 0.080078125
17 0.491943359375 0.5514322916666666 0.38427734375 0.3697916666666667
