1 0.560059 0.443034 0.026367 0.034505
1 0.574219 0.460938 0.073242 0.031250
1 0.596924 0.488607 0.048340 0.081380
1 0.560059 0.488281 0.099609 0.045573
1 0.574463 0.508464 0.107910 0.045573
1 0.577393 0.520833 0.032715 0.095052
1 0.589844 0.525391 0.123047 0.058594
1 0.454346 0.512695 0.123535 0.035807
1 0.424561 0.526042 0.052246 0.084635
0 0.631836 0.527995 0.044922 0.062500
0 0.624268 0.496745 0.074707 0.028646
0 0.571289 0.561523 0.095703 0.077474
0 0.459473 0.488932 0.077148 0.037760
2 0.517090 0.567383 0.059570 0.072266
2 0.465088 0.547201 0.061035 0.104818
2 0.503174 0.429688 0.056152 0.053385
2 0.503174 0.440430 0.097168 0.072266
17 0.522705 0.537435 0.357910 0.264974
