1 0.640381 0.490234 0.057129 0.102865
1 0.565674 0.489583 0.139160 0.059896
1 0.588379 0.497721 0.076172 0.060547
1 0.605713 0.587565 0.034668 0.060547
1 0.577393 0.597656 0.012207 0.085938
1 0.517090 0.494792 0.118164 0.057292
1 0.539307 0.455404 0.073730 0.048828
1 0.557129 0.457031 0.038086 0.040365
0 0.615967 0.526042 0.068848 0.052083
0 0.478760 0.592448 0.023926 0.108073
0 0.435303 0.497721 0.104980 0.042318
2 0.611328 0.519206 0.115234 0.102214
2 0.515381 0.507161 0.069824 0.075521
2 0.482666 0.451172 0.050293 0.050781
2 0.430664 0.510091 0.066406 0.076172
17 0.518066 0.542643 0.357422 0.262370
