12 0.534180 0.469076 0.031250 0.139974
2 0.605225 0.527344 0.029785 0.069010
14 0.567383 0.516602 0.051758 0.060547
13 0.423096 0.571615 0.042480 0.055990
5 0.569336 0.581380 0.044922 0.061198
6 0.456299 0.554362 0.025879 0.078776
8 0.555420 0.486979 0.107910 0.042969
7 0.482178 0.504232 0.041504 0.150391
10 0.471924 0.401693 0.025879 0.053385
10 0.496338 0.456380 0.025879 0.131510
10 0.522217 0.564779 0.025879 0.123047
12 0.504639 0.563477 0.020020 0.074870
17 0.513916 0.550130 0.364746 0.356771
