1 0.485352 0.454102 0.066406 0.087891
1 0.505127 0.462891 0.088379 0.092448
1 0.508301 0.472656 0.125000 0.037760
1 0.425293 0.481771 0.102539 0.018229
1 0.464844 0.392904 0.033203 0.035807
1 0.515381 0.471680 0.085449 0.087891
0 0.598633 0.487305 0.062500 0.087891
0 0.591797 0.482096 0.022461 0.031901
0 0.435059 0.469076 0.083984 0.068359
2 0.485596 0.397786 0.062988 0.050781
2 0.524658 0.439779 0.036621 0.042318
2 0.590332 0.523438 0.073242 0.069010
2 0.584473 0.581055 0.083008 0.073568
2 0.472168 0.480794 0.116211 0.102214
17 0.511230 0.521159 0.351562 0.319661
