1 0.548340 0.424805 0.125000 0.026693
1 0.588135 0.481120 0.043457 0.135417
1 0.607422 0.487630 0.062500 0.140625
1 0.541504 0.515951 0.015625 0.132161
1 0.527588 0.512695 0.014160 0.143880
1 0.504883 0.547201 0.138672 0.068359
1 0.425049 0.431641 0.100098 0.042969
1 0.426514 0.576823 0.092285 0.033854
1 0.454590 0.594401 0.048828 0.046875
0 0.414795 0.490234 0.074707 0.059896
0 0.399170 0.518555 0.090332 0.035807
0 0.472168 0.453451 0.100586 0.065755
2 0.433350 0.461263 0.052246 0.063151
2 0.522705 0.444987 0.054199 0.063151
2 0.586426 0.465820 0.060547 0.085286
2 0.529297 0.548503 0.111328 0.124349
17 0.518311 0.541016 0.343262 0.277344
