12 0.477051 0.439779 0.031250 0.136068
2 0.477295 0.541667 0.061035 0.052083
0 0.584473 0.561849 0.037109 0.061198
13 0.428711 0.572917 0.040039 0.057292
16 0.501465 0.582357 0.057617 0.044922
5 0.496094 0.479818 0.013672 0.053385
6 0.478760 0.512044 0.077637 0.043620
8 0.536133 0.495768 0.080078 0.069661
9 0.591797 0.500326 0.036133 0.089193
9 0.555176 0.582031 0.040039 0.083333
10 0.548828 0.503906 0.029297 0.084635
10 0.423096 0.486003 0.036621 0.128255
17 0.516846 0.546875 0.373535 0.358073
