1 0.565674 0.458984 0.101074 0.067708
1 0.541260 0.472656 0.034668 0.054688
1 0.527588 0.435872 0.023926 0.042318
1 0.562256 0.478841 0.036621 0.048828
1 0.569336 0.500000 0.080078 0.062500
1 0.446045 0.540365 0.092285 0.022135
1 0.443848 0.563477 0.048828 0.104818
1 0.583008 0.501628 0.142578 0.014974
0 0.449463 0.511068 0.107910 0.037760
0 0.610352 0.537760 0.090820 0.053385
0 0.624756 0.485352 0.032715 0.080078
0 0.591797 0.467122 0.044922 0.038411
2 0.465576 0.437826 0.057129 0.046224
2 0.463135 0.444010 0.097168 0.083333
2 0.524414 0.558268 0.072266 0.099609
2 0.579590 0.564453 0.038086 0.079427
17 0.522217 0.535807 0.361816 0.276042
