1 0.416504 0.439128 0.024414 0.025391
1 0.529297 0.557292 0.142578 0.020833
1 0.537842 0.574544 0.143066 0.025391
1 0.551758 0.583984 0.136719 0.033854
1 0.555176 0.595378 0.154297 0.052734
1 0.574463 0.605794 0.157715 0.055339
0 0.447510 0.418620 0.033691 0.058594
0 0.475342 0.517578 0.112793 0.031250
0 0.500000 0.541667 0.093750 0.020833
0 0.438477 0.562826 0.094727 0.091797
2 0.612549 0.509766 0.116699 0.097656
2 0.531250 0.432292 0.112305 0.092448
2 0.427246 0.438477 0.059570 0.059245
2 0.409424 0.492839 0.061035 0.075521
17 0.516846 0.520508 0.346191 0.289714
