1 0.619629 0.514648 0.046875 0.078776
1 0.600586 0.519531 0.095703 0.036458
1 0.527344 0.559570 0.149414 0.013672
1 0.501465 0.516276 0.123047 0.062500
1 0.490967 0.502279 0.057129 0.103516
1 0.423584 0.580404 0.065918 0.034505
1 0.402344 0.563477 0.078125 0.021484
1 0.472168 0.429688 0.125000 0.022135
0 0.440918 0.424154 0.038086 0.051432
0 0.407715 0.495443 0.107422 0.035156
0 0.482178 0.551432 0.107910 0.018229
0 0.531250 0.475586 0.033203 0.048828
2 0.465088 0.445964 0.061035 0.063802
2 0.494141 0.479492 0.065430 0.050130
2 0.584473 0.467122 0.055664 0.065755
2 0.499512 0.549805 0.125000 0.113932
17 0.513428 0.542318 0.357910 0.296875
