12 0.536377 0.454102 0.027832 0.107422
0 0.580811 0.526693 0.043457 0.048177
2 0.589600 0.548503 0.061035 0.063151
14 0.529297 0.519857 0.046875 0.057943
13 0.412842 0.541667 0.037598 0.052083
5 0.525879 0.586589 0.044922 0.063802
6 0.449463 0.540365 0.025879 0.033854
8 0.595459 0.504883 0.090332 0.067057
7 0.484131 0.484375 0.036621 0.140625
10 0.473633 0.556641 0.029297 0.121094
10 0.516602 0.445964 0.023438 0.092448
10 0.522461 0.391602 0.024414 0.033203
12 0.491211 0.552734 0.013672 0.066406
17 0.518311 0.545573 0.370605 0.361979
