1 0.520508 0.557943 0.146484 0.026042
1 0.522217 0.573568 0.150879 0.023438
1 0.534424 0.582031 0.152832 0.016927
1 0.529053 0.598307 0.158691 0.026042
1 0.544922 0.615560 0.171875 0.029297
0 0.468506 0.415039 0.039551 0.048828
0 0.471680 0.512044 0.104492 0.030599
0 0.489258 0.542318 0.107422 0.019531
0 0.416260 0.547852 0.066895 0.089193
2 0.550293 0.434570 0.110352 0.087891
2 0.611328 0.519206 0.101562 0.093099
2 0.442627 0.441732 0.059082 0.052734
2 0.409424 0.482747 0.061035 0.056641
17 0.514893 0.520182 0.353027 0.346354
