1 0.605713 0.493490 0.023926 0.080729
1 0.575684 0.494466 0.129883 0.014974
1 0.466553 0.509115 0.050293 0.079427
1 0.458252 0.524414 0.105957 0.060547
1 0.459717 0.552734 0.090332 0.053385
1 0.451172 0.492188 0.118164 0.048177
1 0.440186 0.555990 0.059082 0.097656
1 0.464600 0.590820 0.084473 0.059245
1 0.490967 0.603841 0.036621 0.063151
0 0.408936 0.534505 0.081543 0.055990
0 0.406006 0.497396 0.043457 0.059896
0 0.472168 0.474935 0.102539 0.046224
0 0.628174 0.535807 0.034668 0.037760
2 0.562012 0.537109 0.076172 0.066406
2 0.558594 0.549479 0.111328 0.113281
2 0.510010 0.445964 0.047363 0.053385
2 0.548340 0.424805 0.046875 0.076172
17 0.516113 0.527995 0.346680 0.298177
