1 0.511963 0.464193 0.095215 0.057292
1 0.502686 0.471029 0.119629 0.007161
1 0.482422 0.458008 0.076172 0.072266
1 0.417969 0.454102 0.101562 0.026693
1 0.452881 0.480469 0.074707 0.022135
1 0.492676 0.381836 0.052734 0.030599
0 0.560547 0.506510 0.104492 0.063802
0 0.606934 0.527344 0.035156 0.058594
0 0.449463 0.457682 0.097168 0.083333
0 0.549805 0.386068 0.036133 0.039062
2 0.515381 0.395508 0.070801 0.060547
2 0.547852 0.454753 0.052734 0.072266
2 0.468750 0.472656 0.109375 0.111979
2 0.543701 0.531576 0.071777 0.063151
2 0.539795 0.588867 0.083496 0.077474
17 0.514404 0.510417 0.350098 0.322917
