0 0.464844 0.573568 0.048828 0.040365
2 0.622559 0.561849 0.044922 0.061198
2 0.461426 0.595378 0.064453 0.067057
13 0.499756 0.541667 0.029785 0.050781
16 0.463379 0.551107 0.040039 0.043620
4 0.494141 0.648438 0.045898 0.053385
6 0.508057 0.617188 0.101074 0.046875
8 0.617188 0.630534 0.104492 0.098307
7 0.572754 0.540365 0.033203 0.130208
9 0.527588 0.604167 0.059082 0.052083
9 0.593262 0.563477 0.022461 0.082682
10 0.550293 0.494466 0.031250 0.089193
12 0.529297 0.538411 0.033203 0.044271
17 0.508545 0.596680 0.349121 0.305339
