1 0.546387 0.444010 0.049805 0.076823
1 0.558838 0.469076 0.101074 0.072266
1 0.600098 0.461589 0.041016 0.016927
1 0.619629 0.478190 0.073242 0.017578
1 0.514893 0.403320 0.078613 0.051432
1 0.546631 0.430990 0.101074 0.044271
1 0.569092 0.527018 0.159668 0.031901
1 0.450928 0.496094 0.083496 0.061198
1 0.419922 0.496094 0.084961 0.065104
0 0.596436 0.547201 0.081543 0.018880
0 0.649170 0.533529 0.083496 0.022786
0 0.520508 0.572266 0.078125 0.093750
0 0.572754 0.425130 0.060547 0.032552
2 0.442627 0.529622 0.059082 0.060547
2 0.571045 0.544271 0.076660 0.074219
2 0.543213 0.494466 0.067871 0.082682
2 0.541992 0.443359 0.095703 0.075521
17 0.524170 0.524740 0.360840 0.324219
