1 0.421631 0.544596 0.086426 0.038411
1 0.419922 0.507812 0.074219 0.046875
1 0.532715 0.469727 0.109375 0.056641
1 0.549805 0.432943 0.073242 0.083333
1 0.586426 0.442383 0.046875 0.112630
1 0.607422 0.442708 0.060547 0.087240
1 0.619629 0.455729 0.091797 0.063802
0 0.428467 0.449219 0.036621 0.065104
0 0.464600 0.483724 0.076660 0.032552
0 0.455811 0.500977 0.079590 0.051432
2 0.531250 0.508464 0.069336 0.092448
2 0.577637 0.476888 0.116211 0.110026
2 0.501221 0.432617 0.037598 0.072266
2 0.527588 0.572917 0.107910 0.115885
2 0.567627 0.424805 0.055176 0.039714
17 0.518066 0.529948 0.350586 0.309896
