1 0.508545 0.449219 0.114746 0.042969
1 0.516846 0.461589 0.101074 0.027344
1 0.461182 0.432292 0.107910 0.070312
1 0.438965 0.448242 0.107422 0.048828
1 0.499756 0.464193 0.055176 0.054688
1 0.537598 0.384115 0.051758 0.040365
0 0.468262 0.423503 0.028320 0.081380
0 0.482422 0.506185 0.135742 0.034505
0 0.584717 0.555339 0.074707 0.055990
0 0.593506 0.402344 0.029785 0.026042
2 0.454346 0.510742 0.076660 0.068359
2 0.455811 0.571940 0.094238 0.078776
2 0.482422 0.454427 0.120117 0.108073
2 0.565674 0.403320 0.068848 0.057943
2 0.581299 0.467773 0.083496 0.077474
17 0.516113 0.508464 0.333984 0.337240
