1 0.492188 0.442057 0.104492 0.035156
1 0.548340 0.465820 0.031250 0.020182
1 0.513672 0.479492 0.086914 0.067057
1 0.525879 0.494792 0.109375 0.067708
1 0.588379 0.589518 0.026367 0.087891
1 0.619629 0.579753 0.040039 0.064453
1 0.636719 0.479818 0.051758 0.100260
1 0.650635 0.484701 0.061035 0.093099
0 0.495850 0.591471 0.023926 0.097005
0 0.623047 0.520508 0.083008 0.044922
0 0.433350 0.490560 0.113770 0.030599
0 0.457764 0.512044 0.070801 0.030599
2 0.615479 0.512695 0.112793 0.100911
2 0.521729 0.507161 0.075684 0.083333
2 0.482666 0.452474 0.058105 0.063802
2 0.438965 0.517253 0.069336 0.074870
17 0.517578 0.541016 0.352539 0.272135
