1 0.544922 0.471029 0.064453 0.078776
1 0.525635 0.461589 0.097168 0.048177
1 0.548340 0.451172 0.098633 0.079427
1 0.589600 0.447266 0.046387 0.130208
1 0.610596 0.461589 0.119629 0.049479
0 0.440430 0.486328 0.038086 0.065104
0 0.502930 0.387044 0.080078 0.021484
0 0.487061 0.473307 0.056152 0.072917
2 0.581055 0.481120 0.108398 0.106771
2 0.513916 0.502604 0.067871 0.080729
2 0.509033 0.567708 0.119629 0.106771
2 0.520996 0.391927 0.054688 0.049479
2 0.517578 0.432292 0.050781 0.045573
17 0.513184 0.518555 0.352539 0.310547
