1 0.614258 0.448568 0.084961 0.053385
1 0.631348 0.466471 0.119141 0.022786
1 0.466797 0.466797 0.036133 0.031250
1 0.431885 0.471680 0.069824 0.072266
0 0.591797 0.410156 0.036133 0.057292
0 0.615723 0.445964 0.028320 0.066406
0 0.633789 0.469727 0.029297 0.027995
0 0.474854 0.475911 0.106934 0.058594
0 0.477051 0.445312 0.053711 0.031250
2 0.440430 0.543294 0.095703 0.100911
2 0.520996 0.507812 0.119141 0.125000
2 0.527100 0.440430 0.062012 0.050130
2 0.579346 0.439128 0.050293 0.057943
2 0.634033 0.482747 0.071777 0.067057
17 0.512939 0.510091 0.354004 0.313151
