1 0.517090 0.441406 0.088867 0.045573
1 0.556641 0.413411 0.030273 0.093750
1 0.590088 0.422852 0.039551 0.051432
1 0.520508 0.455729 0.064453 0.027344
1 0.593018 0.462891 0.036621 0.097656
0 0.435547 0.520833 0.057617 0.093750
0 0.443604 0.399740 0.052246 0.044271
0 0.622559 0.434570 0.052734 0.026693
2 0.584473 0.497721 0.071289 0.082682
2 0.579590 0.558268 0.105469 0.099609
2 0.449219 0.403971 0.055664 0.039714
2 0.452881 0.447917 0.065918 0.061198
2 0.562012 0.451823 0.125000 0.093750
17 0.519043 0.506510 0.349609 0.330729
