1 0.626465 0.501302 0.091797 0.032552
1 0.622803 0.544922 0.065918 0.065104
1 0.510010 0.448568 0.111816 0.049479
1 0.508057 0.466797 0.122559 0.029948
1 0.480713 0.481771 0.036621 0.065104
1 0.433838 0.439128 0.114746 0.052734
1 0.440918 0.450195 0.131836 0.030599
1 0.440674 0.464518 0.104004 0.026693
0 0.532715 0.548503 0.116211 0.063151
0 0.582520 0.588542 0.042969 0.083333
0 0.574463 0.535156 0.083496 0.075521
2 0.496338 0.586589 0.078613 0.079427
2 0.419922 0.530273 0.062500 0.069661
2 0.472168 0.467773 0.109375 0.111328
2 0.541748 0.408854 0.061035 0.061198
2 0.564453 0.461589 0.068359 0.066406
17 0.521729 0.517904 0.350098 0.294922
