1 0.459717 0.519206 0.093262 0.086589
1 0.503174 0.473307 0.032715 0.067708
1 0.505127 0.454102 0.081543 0.027995
1 0.542969 0.492839 0.048828 0.087240
1 0.574219 0.472331 0.146484 0.016276
1 0.598633 0.473958 0.017578 0.080729
1 0.621338 0.462240 0.017090 0.083333
1 0.627930 0.540365 0.088867 0.049479
1 0.631836 0.567057 0.048828 0.071615
0 0.440186 0.525391 0.083496 0.075521
0 0.460938 0.545247 0.041992 0.027995
0 0.551270 0.593099 0.059570 0.095052
0 0.615967 0.489583 0.083496 0.036458
2 0.458496 0.466146 0.051758 0.050781
2 0.532959 0.507161 0.074707 0.072917
2 0.461426 0.540365 0.078125 0.087240
2 0.611084 0.486654 0.106934 0.098307
17 0.518066 0.538411 0.353516 0.260417
