1 0.608887 0.457031 0.095703 0.102865
1 0.610596 0.473958 0.104004 0.071615
1 0.617188 0.486979 0.125977 0.042969
1 0.569092 0.434896 0.038574 0.108073
1 0.522217 0.461589 0.072754 0.055990
1 0.449463 0.446615 0.022949 0.033854
1 0.430420 0.481445 0.034668 0.057943
1 0.400879 0.511719 0.080078 0.019531
0 0.480225 0.435221 0.030762 0.056641
2 0.551270 0.430990 0.051758 0.045573
2 0.613770 0.452148 0.050781 0.044922
2 0.567627 0.498372 0.119629 0.113932
2 0.480469 0.497721 0.076172 0.078776
2 0.482178 0.567383 0.110840 0.090495
17 0.522461 0.518880 0.348633 0.287760
