1 0.494385 0.581380 0.110840 0.079427
1 0.496338 0.551758 0.088379 0.059245
1 0.505127 0.479167 0.019043 0.084635
1 0.536377 0.481445 0.020996 0.099609
1 0.567383 0.481120 0.107422 0.048177
1 0.537842 0.481771 0.083496 0.032552
1 0.532715 0.456055 0.082031 0.021484
0 0.585938 0.459961 0.053711 0.061849
0 0.546631 0.445964 0.023926 0.053385
0 0.454834 0.534505 0.110840 0.037760
0 0.596680 0.516927 0.110352 0.029948
2 0.593018 0.547526 0.082520 0.110677
2 0.433838 0.452148 0.063965 0.052734
2 0.434082 0.463542 0.103516 0.087240
17 0.521729 0.533854 0.363770 0.269531
