1 0.503174 0.610352 0.172363 0.029297
1 0.496338 0.594727 0.161621 0.026693
1 0.498047 0.580078 0.144531 0.031250
1 0.489258 0.567708 0.123047 0.041667
1 0.492920 0.553060 0.128418 0.044922
1 0.442383 0.416016 0.041992 0.019531
0 0.405762 0.534831 0.052734 0.104818
0 0.480469 0.532227 0.102539 0.039714
0 0.474854 0.506510 0.099121 0.040365
0 0.501465 0.406250 0.036133 0.046875
2 0.420410 0.462565 0.062500 0.060547
2 0.464844 0.426758 0.057617 0.067057
2 0.557129 0.435872 0.131836 0.086589
2 0.597168 0.535807 0.097656 0.097656
17 0.520020 0.524414 0.347656 0.294922
