1 0.453125 0.496745 0.031250 0.075521
1 0.423340 0.503255 0.029297 0.083333
1 0.412842 0.512370 0.032715 0.093750
1 0.400879 0.509115 0.006836 0.113281
1 0.383057 0.511393 0.014160 0.110026
1 0.573975 0.416016 0.050293 0.053385
0 0.449463 0.442057 0.110840 0.057292
0 0.469971 0.478516 0.029785 0.058594
0 0.506592 0.479818 0.036621 0.083333
0 0.623047 0.435872 0.041992 0.025391
2 0.541016 0.438477 0.055664 0.059245
2 0.600098 0.425456 0.068359 0.048828
2 0.604004 0.501302 0.138672 0.108073
2 0.487793 0.558919 0.113281 0.095703
17 0.520020 0.518229 0.366211 0.286458
