1 0.487549 0.468099 0.043457 0.032552
1 0.459717 0.463542 0.039551 0.036458
1 0.439209 0.473958 0.074707 0.063802
1 0.423096 0.471029 0.047363 0.068359
1 0.404297 0.465169 0.066406 0.076172
1 0.607422 0.434570 0.027344 0.074870
1 0.615723 0.438477 0.028320 0.064453
0 0.638672 0.470052 0.024414 0.032552
0 0.508301 0.431641 0.084961 0.028646
0 0.496338 0.472331 0.036621 0.055339
0 0.539307 0.451497 0.026855 0.027995
2 0.449951 0.535807 0.109863 0.085938
2 0.574707 0.523438 0.131836 0.126302
2 0.594971 0.432292 0.043457 0.052083
2 0.640381 0.472331 0.063965 0.059245
17 0.521240 0.538737 0.360840 0.271484
