1 0.492920 0.456055 0.025879 0.081380
1 0.511719 0.455729 0.015625 0.095052
1 0.579590 0.500326 0.133789 0.024089
1 0.515381 0.579102 0.144043 0.017578
1 0.402588 0.517253 0.022949 0.052734
1 0.416016 0.516602 0.021484 0.057943
1 0.459717 0.442708 0.027832 0.023438
0 0.560059 0.419596 0.034180 0.067057
0 0.589844 0.487630 0.090820 0.028646
0 0.419922 0.493490 0.083008 0.070312
2 0.430908 0.504557 0.120605 0.102865
2 0.506592 0.480143 0.070801 0.081380
2 0.554688 0.443685 0.060547 0.063151
2 0.590088 0.510417 0.055176 0.070312
17 0.514893 0.524414 0.350098 0.305339
