1 0.612549 0.497721 0.014160 0.081380
1 0.605469 0.501628 0.076172 0.025391
1 0.518799 0.497070 0.023926 0.097005
1 0.496338 0.483073 0.144043 0.045573
1 0.447266 0.439128 0.118164 0.050130
1 0.536377 0.517253 0.145996 0.030599
1 0.586426 0.549805 0.149414 0.056641
1 0.473145 0.609375 0.044922 0.046875
1 0.449463 0.587240 0.081543 0.037760
0 0.400879 0.525716 0.080078 0.065755
0 0.523682 0.550781 0.074707 0.037760
0 0.477539 0.600260 0.051758 0.049479
2 0.544922 0.554688 0.125000 0.119792
2 0.494385 0.485677 0.065918 0.059896
2 0.557617 0.462891 0.053711 0.057292
2 0.440674 0.461589 0.057129 0.067708
17 0.518799 0.531901 0.362793 0.273438
