12 0.475586 0.533529 0.116211 0.048828
0 0.568848 0.469076 0.010742 0.046224
2 0.584717 0.518555 0.052246 0.056641
14 0.497559 0.572917 0.047852 0.065104
13 0.443604 0.586589 0.044434 0.054688
6 0.503174 0.572917 0.081543 0.024740
8 0.522217 0.484701 0.052246 0.063151
10 0.548340 0.503255 0.029297 0.088542
10 0.480713 0.457357 0.034668 0.110026
10 0.449463 0.445638 0.030762 0.139974
12 0.579102 0.566081 0.075195 0.059245
12 0.583008 0.509115 0.031250 0.105469
17 0.518066 0.546224 0.367188 0.359375
