1 0.465088 0.504557 0.043457 0.078125
1 0.447754 0.489909 0.107422 0.044922
1 0.454102 0.527344 0.112305 0.054688
1 0.451172 0.549154 0.074219 0.039714
1 0.437256 0.549805 0.048340 0.107422
1 0.452881 0.591471 0.088379 0.044922
1 0.482178 0.599609 0.045410 0.049479
1 0.604004 0.493490 0.020508 0.092448
1 0.605225 0.495768 0.074707 0.030599
0 0.628174 0.550456 0.036621 0.024089
0 0.480713 0.471029 0.097168 0.051432
0 0.402832 0.532227 0.084961 0.048828
0 0.412354 0.490885 0.047363 0.042969
2 0.518555 0.443034 0.048828 0.059245
2 0.551758 0.425130 0.046875 0.074219
2 0.554932 0.541016 0.071777 0.071615
2 0.548584 0.555339 0.119629 0.114583
17 0.514160 0.527344 0.354492 0.299479
