1 0.621094 0.525391 0.055664 0.067708
1 0.598633 0.520182 0.109375 0.054688
1 0.465088 0.464193 0.054199 0.054688
1 0.482422 0.474284 0.017578 0.044922
1 0.423340 0.504557 0.057617 0.013021
1 0.412354 0.525391 0.050293 0.014323
1 0.414795 0.512695 0.043457 0.097005
1 0.390137 0.552409 0.081055 0.011068
1 0.414795 0.570964 0.048340 0.024740
0 0.434082 0.464193 0.088867 0.032552
0 0.407959 0.488607 0.090332 0.026693
0 0.517090 0.465820 0.057617 0.048828
0 0.576172 0.550781 0.046875 0.074219
2 0.499756 0.534831 0.072754 0.064453
2 0.493408 0.549479 0.117676 0.110677
2 0.558594 0.458333 0.039062 0.053385
2 0.596924 0.437826 0.059082 0.087891
17 0.510986 0.530599 0.343262 0.274740
