1 0.590088 0.508138 0.029785 0.077474
1 0.610840 0.502930 0.036133 0.073568
1 0.619141 0.494792 0.041016 0.067708
1 0.477051 0.535156 0.022461 0.121094
1 0.444336 0.519206 0.091797 0.089193
0 0.440674 0.520833 0.041504 0.093750
0 0.554688 0.581706 0.057617 0.031901
0 0.624756 0.554688 0.074707 0.069010
0 0.515381 0.401693 0.067871 0.033854
0 0.560059 0.465169 0.031250 0.067057
2 0.493164 0.458008 0.107422 0.113932
2 0.550293 0.436523 0.055664 0.068359
2 0.565430 0.506836 0.067383 0.063151
2 0.550537 0.568359 0.081543 0.083333
2 0.453125 0.553060 0.086914 0.090495
17 0.514160 0.531901 0.351562 0.305990
