1 0.551270 0.453125 0.054688 0.046875
1 0.544922 0.473958 0.088867 0.048177
1 0.520264 0.557617 0.032715 0.115234
1 0.489258 0.547852 0.033203 0.107422
1 0.456299 0.517904 0.123535 0.035807
1 0.475342 0.533529 0.112793 0.051432
1 0.560547 0.604167 0.033203 0.088542
1 0.586670 0.592122 0.041504 0.078776
0 0.438965 0.492839 0.126953 0.044271
0 0.425049 0.548503 0.040527 0.067057
0 0.463379 0.583008 0.046875 0.082682
2 0.484131 0.422201 0.063965 0.072266
2 0.463379 0.464193 0.060547 0.058594
2 0.606201 0.509115 0.064941 0.061198
2 0.602051 0.527669 0.118164 0.103516
17 0.516357 0.523112 0.350098 0.301432
