1 0.375977 0.535482 0.034180 0.024089
1 0.374512 0.505208 0.031250 0.027344
1 0.425049 0.485352 0.086426 0.061849
1 0.478516 0.485677 0.115234 0.033854
1 0.459717 0.501953 0.130371 0.035156
1 0.497559 0.460938 0.025391 0.063802
1 0.506836 0.469727 0.046875 0.029297
1 0.577881 0.540365 0.072754 0.082031
1 0.607422 0.555339 0.109375 0.048177
0 0.558594 0.478516 0.041992 0.072917
0 0.537842 0.564128 0.025879 0.091797
0 0.432129 0.469076 0.076172 0.026693
0 0.469971 0.449219 0.070801 0.024740
2 0.626221 0.469401 0.057129 0.092448
2 0.585938 0.475911 0.043945 0.057292
2 0.454102 0.521159 0.069336 0.067057
2 0.449463 0.532227 0.116699 0.100911
17 0.512695 0.550781 0.340820 0.253906
