12 0.475342 0.454102 0.038574 0.113932
14 0.506836 0.515299 0.048828 0.063151
16 0.619629 0.569336 0.036133 0.044922
5 0.504883 0.585938 0.048828 0.066406
6 0.567383 0.609701 0.089844 0.031901
6 0.438965 0.517578 0.026367 0.028646
8 0.516602 0.486003 0.047852 0.065755
7 0.555176 0.462891 0.038086 0.114583
9 0.570801 0.567057 0.067383 0.057292
10 0.594727 0.528971 0.091797 0.034505
10 0.454590 0.490234 0.017578 0.087240
12 0.468506 0.547201 0.025879 0.069661
17 0.519287 0.555339 0.370605 0.341146
