1 0.490967 0.512695 0.068848 0.120443
1 0.501465 0.518555 0.064453 0.100911
1 0.447510 0.521810 0.112793 0.074870
1 0.386963 0.535807 0.076660 0.028646
1 0.395752 0.558594 0.057129 0.023438
1 0.463135 0.410807 0.112793 0.019531
1 0.591797 0.440430 0.100586 0.054036
1 0.587891 0.501302 0.030273 0.153646
1 0.606934 0.513346 0.029297 0.156901
0 0.549805 0.508464 0.045898 0.031250
0 0.508301 0.449870 0.084961 0.079427
0 0.435547 0.456055 0.031250 0.068359
0 0.410645 0.477214 0.093750 0.029948
2 0.474854 0.548503 0.117676 0.120443
2 0.561768 0.457357 0.036621 0.054036
2 0.612061 0.480794 0.067871 0.085286
2 0.473633 0.437826 0.062500 0.077474
17 0.517334 0.536784 0.350098 0.289714
