1 0.523438 0.548503 0.107422 0.068359
1 0.518311 0.557943 0.022949 0.109375
1 0.560547 0.543620 0.120117 0.065104
1 0.579102 0.533529 0.121094 0.070964
1 0.644043 0.535482 0.078125 0.048828
1 0.603760 0.558919 0.112793 0.063151
1 0.623047 0.513346 0.095703 0.029297
1 0.483643 0.479167 0.026855 0.084635
1 0.485352 0.460938 0.087891 0.013021
0 0.536133 0.590820 0.091797 0.029297
0 0.605713 0.578776 0.085449 0.079427
0 0.466309 0.553060 0.058594 0.095703
0 0.520020 0.470378 0.043945 0.056641
2 0.427246 0.512370 0.048828 0.063802
2 0.406250 0.462891 0.066406 0.059896
2 0.595459 0.454102 0.059082 0.055339
2 0.592041 0.467773 0.104004 0.082682
17 0.520996 0.537109 0.362305 0.261719
