1 0.558838 0.513997 0.170410 0.065755
1 0.546387 0.527344 0.058594 0.058594
1 0.498047 0.479167 0.060547 0.098958
1 0.523438 0.462565 0.026367 0.110026
1 0.537598 0.474609 0.059570 0.123698
1 0.458008 0.438477 0.051758 0.035807
0 0.617676 0.424154 0.073242 0.065755
0 0.441895 0.410482 0.024414 0.077474
2 0.427002 0.503255 0.086426 0.076823
2 0.428467 0.444010 0.063965 0.065104
2 0.524658 0.509766 0.126465 0.121094
2 0.628662 0.440104 0.066895 0.058594
2 0.630371 0.487956 0.061523 0.068359
17 0.516846 0.516602 0.346191 0.302734
