1 0.562256 0.453125 0.057129 0.078125
1 0.591797 0.463867 0.083008 0.097005
1 0.489502 0.422201 0.105957 0.031901
1 0.392090 0.469727 0.067383 0.076172
1 0.499756 0.602214 0.067871 0.084635
1 0.527588 0.611654 0.027832 0.059245
1 0.560547 0.513346 0.073242 0.103516
1 0.572754 0.501953 0.051758 0.111979
1 0.562256 0.542643 0.102051 0.024089
0 0.508301 0.505208 0.053711 0.074219
0 0.421631 0.555339 0.083496 0.067708
0 0.412354 0.527995 0.093262 0.037760
0 0.443604 0.472656 0.106934 0.045573
2 0.479492 0.454753 0.049805 0.068359
2 0.532715 0.440104 0.060547 0.076823
2 0.576660 0.535482 0.114258 0.103516
2 0.399658 0.486328 0.059082 0.066406
17 0.521484 0.534831 0.352539 0.275391
