1 0.488770 0.473958 0.021484 0.128906
1 0.517090 0.473307 0.010742 0.148438
1 0.569092 0.486654 0.105957 0.077474
1 0.535889 0.517904 0.107910 0.043620
1 0.553223 0.515951 0.145508 0.016276
1 0.589844 0.457357 0.044922 0.024089
1 0.548340 0.442708 0.033203 0.031250
1 0.475098 0.441081 0.026367 0.038411
0 0.612549 0.461914 0.063965 0.030599
0 0.583252 0.454102 0.050293 0.020182
2 0.428467 0.433268 0.061035 0.063151
2 0.426514 0.500977 0.081543 0.107422
2 0.515381 0.510091 0.128418 0.128255
2 0.623291 0.545898 0.066895 0.081380
2 0.638672 0.508464 0.055664 0.071615
17 0.520264 0.537435 0.347168 0.291016
