0 0.503418 0.595052 0.100586 0.031250
2 0.510254 0.617188 0.064453 0.076823
13 0.435547 0.557943 0.041992 0.053385
16 0.435547 0.602539 0.033203 0.061849
4 0.582520 0.627279 0.040039 0.051432
5 0.518799 0.564128 0.048340 0.048828
6 0.572266 0.595052 0.058594 0.045573
8 0.616211 0.564128 0.095703 0.089193
7 0.555176 0.518555 0.022461 0.132161
9 0.531006 0.502604 0.017090 0.027344
9 0.558838 0.579102 0.039551 0.033203
10 0.487549 0.510742 0.029785 0.142578
12 0.514160 0.530273 0.056641 0.041016
17 0.519287 0.597331 0.386230 0.327474
