1 0.424805 0.488932 0.090820 0.058594
1 0.459229 0.497396 0.062012 0.058594
1 0.556885 0.535156 0.050293 0.098958
1 0.616211 0.517904 0.029297 0.098307
1 0.579346 0.506510 0.140137 0.022135
1 0.577881 0.528320 0.132324 0.027995
1 0.571045 0.548503 0.092285 0.097005
1 0.594971 0.478516 0.075684 0.026042
1 0.621094 0.492188 0.093750 0.013021
0 0.490967 0.477865 0.036621 0.065104
0 0.510254 0.569661 0.051758 0.088542
0 0.638672 0.537760 0.093750 0.031250
0 0.605225 0.566081 0.092285 0.048828
2 0.550293 0.433594 0.063477 0.050781
2 0.550537 0.447917 0.099121 0.087240
2 0.414795 0.513346 0.068848 0.087891
2 0.454590 0.545247 0.062500 0.068359
17 0.523438 0.532878 0.353516 0.285807
