1 0.626465 0.537109 0.104492 0.048177
1 0.607422 0.566732 0.044922 0.086589
1 0.536377 0.443359 0.081543 0.019531
1 0.514893 0.457031 0.097168 0.014323
1 0.465088 0.466797 0.022949 0.059896
1 0.449463 0.422201 0.081543 0.059245
1 0.437012 0.434896 0.107422 0.042969
1 0.447510 0.448242 0.117676 0.041016
0 0.516846 0.541341 0.083496 0.089193
0 0.525635 0.594076 0.050293 0.063151
0 0.558838 0.587891 0.041504 0.113281
0 0.558838 0.547201 0.048340 0.090495
2 0.588379 0.478190 0.083008 0.080078
2 0.579102 0.412109 0.064453 0.066406
2 0.398682 0.502279 0.061035 0.072266
2 0.487061 0.458984 0.117676 0.102865
2 0.447754 0.566406 0.075195 0.087240
17 0.518311 0.525065 0.346191 0.309245
