1 0.569336 0.513997 0.055664 0.112630
1 0.556885 0.513997 0.074707 0.126953
1 0.555176 0.545247 0.111328 0.025391
1 0.565674 0.449870 0.061035 0.079427
1 0.591797 0.463542 0.089844 0.098958
1 0.498047 0.422852 0.116211 0.033203
1 0.400879 0.454102 0.053711 0.050130
1 0.485840 0.597656 0.080078 0.072917
1 0.520508 0.605469 0.031250 0.059896
0 0.499756 0.518229 0.057129 0.050781
0 0.419434 0.552734 0.090820 0.065104
0 0.412354 0.524089 0.077637 0.045573
0 0.443604 0.473958 0.099121 0.032552
2 0.404053 0.487305 0.072754 0.068359
2 0.480225 0.450846 0.055176 0.055339
2 0.545166 0.443359 0.063965 0.079427
2 0.575928 0.543294 0.116699 0.119141
17 0.513916 0.535156 0.343262 0.269531
