1 0.529297 0.518880 0.102539 0.076823
1 0.435547 0.543294 0.078125 0.086589
1 0.532715 0.457682 0.120117 0.048177
1 0.524170 0.450521 0.119629 0.033854
1 0.423340 0.442383 0.118164 0.025391
1 0.511963 0.431315 0.020996 0.027995
0 0.598633 0.540365 0.116211 0.080729
0 0.574219 0.453451 0.038086 0.048828
0 0.633301 0.465820 0.062500 0.057943
0 0.454590 0.439128 0.029297 0.077474
2 0.453125 0.452148 0.089844 0.080078
2 0.529053 0.469076 0.061035 0.067057
2 0.610840 0.488932 0.064453 0.071615
2 0.534668 0.534505 0.067383 0.070312
17 0.520264 0.527995 0.347168 0.279948
