1 0.633301 0.560872 0.062500 0.067057
1 0.634766 0.535156 0.087891 0.044271
1 0.615723 0.448568 0.012695 0.102865
1 0.626221 0.449219 0.019043 0.101562
1 0.544922 0.493490 0.038086 0.091146
1 0.531006 0.477865 0.025879 0.088542
1 0.468506 0.456055 0.123535 0.009766
1 0.527588 0.460938 0.054199 0.015625
0 0.433838 0.512044 0.116699 0.055339
0 0.463135 0.543945 0.055176 0.035807
0 0.567383 0.589518 0.076172 0.090495
0 0.617676 0.484701 0.093750 0.026693
2 0.468506 0.541341 0.081543 0.080078
2 0.461426 0.469727 0.060547 0.060547
2 0.531494 0.500326 0.067871 0.068359
2 0.612793 0.482096 0.112305 0.099609
17 0.520264 0.528320 0.360840 0.298828
