1 0.421631 0.509115 0.023926 0.083333
1 0.492676 0.517578 0.038086 0.097656
1 0.496338 0.515951 0.029785 0.100911
1 0.542969 0.463867 0.140625 0.018880
1 0.547852 0.453451 0.145508 0.027995
1 0.636963 0.478516 0.041504 0.022135
1 0.466797 0.423503 0.120117 0.056641
0 0.501465 0.422201 0.046875 0.064453
0 0.556885 0.552083 0.072754 0.117188
0 0.636719 0.509440 0.076172 0.035807
0 0.577881 0.444661 0.038574 0.029948
2 0.497559 0.532878 0.055664 0.090495
2 0.490723 0.445964 0.090820 0.087240
2 0.540039 0.475586 0.060547 0.063151
2 0.610596 0.518880 0.068848 0.084635
17 0.517578 0.523438 0.352539 0.278646
