1 0.457520 0.525391 0.056641 0.087240
1 0.433350 0.536133 0.045410 0.083984
1 0.424805 0.549805 0.063477 0.083984
1 0.529297 0.416016 0.033203 0.078125
1 0.553711 0.412109 0.029297 0.074219
1 0.510254 0.404622 0.051758 0.035807
0 0.555420 0.492839 0.061035 0.115885
0 0.410889 0.475586 0.065918 0.091797
0 0.485596 0.514323 0.052246 0.032552
0 0.461670 0.401693 0.050293 0.053385
0 0.576172 0.412109 0.041992 0.026042
2 0.475586 0.458984 0.060547 0.059896
2 0.471924 0.420898 0.063965 0.048828
2 0.544922 0.426107 0.055664 0.057943
2 0.567627 0.484701 0.134277 0.099609
2 0.543213 0.567708 0.116699 0.098958
17 0.514893 0.524740 0.350098 0.313802
