12 0.480713 0.527344 0.102051 0.054688
0 0.596680 0.495443 0.017578 0.071615
2 0.596680 0.532552 0.047852 0.063802
14 0.471924 0.558268 0.048340 0.067057
13 0.414795 0.558919 0.043457 0.055339
6 0.503174 0.565755 0.027832 0.041667
8 0.574219 0.495443 0.109375 0.052083
10 0.544922 0.506510 0.019531 0.091146
10 0.501465 0.453451 0.036133 0.112630
10 0.492188 0.427083 0.025391 0.121094
12 0.560303 0.523438 0.033691 0.108073
12 0.557129 0.582357 0.080078 0.063151
17 0.521484 0.543945 0.372070 0.369141
