1 0.552002 0.594076 0.043457 0.093099
1 0.496338 0.583008 0.085449 0.035807
1 0.479004 0.425130 0.109375 0.019531
1 0.525635 0.462240 0.020996 0.024740
1 0.563965 0.469076 0.040039 0.031901
1 0.501465 0.425130 0.073242 0.080729
1 0.506836 0.408529 0.048828 0.086589
1 0.532471 0.409831 0.019043 0.097005
0 0.474854 0.519206 0.055176 0.074870
0 0.496338 0.552083 0.090332 0.052083
0 0.437256 0.560872 0.092285 0.057943
0 0.398438 0.543945 0.080078 0.037109
2 0.611328 0.524414 0.121094 0.095703
2 0.618164 0.458333 0.066406 0.072917
2 0.525879 0.452148 0.104492 0.121745
2 0.444824 0.434245 0.048828 0.062500
2 0.413574 0.482096 0.062500 0.068359
17 0.521729 0.527344 0.339355 0.313802
