1 0.631836 0.501628 0.017578 0.090495
1 0.630127 0.492839 0.010254 0.105469
1 0.631104 0.508464 0.144043 0.048177
1 0.610840 0.525391 0.120117 0.087240
1 0.524170 0.441406 0.048340 0.016927
1 0.534180 0.458008 0.034180 0.012370
1 0.539551 0.465169 0.028320 0.016276
0 0.668457 0.469076 0.064453 0.043620
0 0.595215 0.532552 0.033203 0.045573
0 0.430420 0.440755 0.032715 0.050781
2 0.410889 0.487956 0.056152 0.090495
2 0.485840 0.492839 0.120117 0.126302
2 0.576660 0.470378 0.056641 0.081380
2 0.633057 0.484701 0.074707 0.056641
2 0.612549 0.538411 0.070801 0.074219
17 0.517334 0.538411 0.355957 0.285156
