12 0.589844 0.494141 0.034180 0.167969
2 0.534424 0.518555 0.052246 0.039714
0 0.458252 0.565430 0.072754 0.037109
13 0.547852 0.484701 0.025391 0.024089
16 0.504883 0.515625 0.022461 0.031250
5 0.614502 0.580404 0.050293 0.082682
6 0.541504 0.492839 0.086914 0.026042
8 0.531250 0.594076 0.078125 0.100911
9 0.448975 0.494141 0.030762 0.058594
9 0.463135 0.559896 0.043457 0.091146
10 0.485840 0.519531 0.024414 0.101562
10 0.579590 0.468750 0.026367 0.140625
17 0.517334 0.551432 0.368652 0.338542
