1 0.491211 0.460938 0.031250 0.052083
1 0.489258 0.415690 0.064453 0.090495
1 0.471924 0.430990 0.121582 0.072917
1 0.538086 0.445964 0.080078 0.028646
1 0.527588 0.464193 0.063965 0.032552
1 0.579590 0.395508 0.048828 0.072266
0 0.424805 0.474935 0.087891 0.046224
0 0.534424 0.567057 0.107910 0.037760
0 0.614014 0.425456 0.021973 0.038411
0 0.508301 0.419596 0.038086 0.076172
2 0.606934 0.497070 0.100586 0.083984
2 0.609131 0.431641 0.069824 0.071615
2 0.506836 0.450846 0.120117 0.100911
2 0.403809 0.467122 0.070312 0.064453
2 0.413086 0.530273 0.075195 0.065755
17 0.511230 0.512695 0.353516 0.328776
