12 0.596680 0.469727 0.033203 0.138672
0 0.474854 0.572917 0.096191 0.026042
2 0.529053 0.518555 0.044434 0.041016
13 0.513428 0.478516 0.029785 0.020833
16 0.464600 0.513021 0.027832 0.042969
5 0.635254 0.560547 0.046875 0.082031
6 0.534424 0.487630 0.065918 0.026042
8 0.569336 0.588867 0.078125 0.106120
9 0.494385 0.564779 0.038574 0.098307
9 0.431885 0.512695 0.038574 0.065755
10 0.560547 0.456380 0.029297 0.130208
10 0.491211 0.500326 0.027344 0.057943
17 0.516357 0.552734 0.368652 0.350260
