12 0.440674 0.477865 0.027832 0.158854
2 0.511719 0.557617 0.064453 0.051432
0 0.576172 0.535482 0.040039 0.037109
13 0.510010 0.602865 0.043457 0.058594
16 0.562256 0.581706 0.048340 0.039714
5 0.413086 0.505534 0.033203 0.064453
6 0.511475 0.527344 0.079590 0.028646
8 0.494629 0.487630 0.051758 0.069010
9 0.612549 0.552409 0.040527 0.082682
9 0.531006 0.477865 0.014160 0.065104
10 0.544922 0.484049 0.026367 0.064453
10 0.463379 0.534505 0.036133 0.161458
17 0.518799 0.561849 0.365723 0.335938
