12 0.535889 0.471029 0.036621 0.145182
0 0.594727 0.494792 0.016602 0.067708
2 0.593506 0.535482 0.055176 0.060547
14 0.471924 0.560547 0.045410 0.066406
13 0.416260 0.558268 0.043457 0.057943
5 0.550293 0.562500 0.055664 0.078125
6 0.503174 0.565755 0.036621 0.024740
8 0.581543 0.480143 0.055664 0.033203
9 0.459229 0.503581 0.035645 0.082682
10 0.501221 0.444010 0.027832 0.087240
10 0.485352 0.427409 0.028320 0.108724
10 0.494385 0.503255 0.037598 0.097656
17 0.519531 0.546224 0.370117 0.371094
