1 0.508545 0.410807 0.034668 0.074219
1 0.475342 0.413086 0.074707 0.047526
1 0.456299 0.403971 0.032715 0.017578
1 0.479004 0.543294 0.107422 0.057943
1 0.466797 0.557617 0.102539 0.061849
1 0.473145 0.572591 0.121094 0.061849
0 0.522461 0.406576 0.031250 0.034505
0 0.591797 0.478190 0.035156 0.128255
0 0.516846 0.525391 0.101074 0.026042
0 0.398926 0.513346 0.036133 0.100911
0 0.409424 0.425781 0.050293 0.048177
2 0.588867 0.555664 0.113281 0.094401
2 0.576660 0.469076 0.137695 0.078776
2 0.493164 0.425130 0.061523 0.074219
2 0.419922 0.445964 0.055664 0.057292
2 0.458008 0.484701 0.059570 0.065755
17 0.517578 0.517578 0.358398 0.305990
