1 0.419922 0.442057 0.131836 0.026042
1 0.400391 0.467122 0.139648 0.033203
1 0.553711 0.552409 0.100586 0.061849
1 0.582764 0.563477 0.105957 0.054036
1 0.600586 0.566732 0.100586 0.076172
0 0.418213 0.443034 0.027832 0.077474
0 0.398926 0.525716 0.071289 0.029297
0 0.499756 0.578451 0.135254 0.069661
0 0.576172 0.503581 0.066406 0.082682
0 0.586426 0.425781 0.088867 0.070312
2 0.612793 0.490234 0.083008 0.084635
2 0.545410 0.447266 0.100586 0.098958
2 0.493164 0.519857 0.069336 0.076172
2 0.423340 0.527344 0.078125 0.072917
2 0.407471 0.472982 0.064941 0.072266
17 0.516846 0.534505 0.349121 0.299479
