1 0.555176 0.550781 0.100586 0.058594
1 0.580811 0.559570 0.096191 0.056641
1 0.591797 0.572266 0.097656 0.074219
1 0.610840 0.578125 0.083008 0.093750
1 0.634766 0.579753 0.071289 0.090495
0 0.501465 0.583333 0.151367 0.074219
0 0.498047 0.536133 0.076172 0.046224
0 0.529297 0.544922 0.057617 0.046875
0 0.414795 0.443685 0.029785 0.076172
2 0.415039 0.528646 0.070312 0.078125
2 0.406006 0.470378 0.067871 0.060547
2 0.499268 0.436523 0.106934 0.100911
2 0.600098 0.482747 0.108398 0.099609
17 0.516846 0.524414 0.351074 0.294922
