1 0.395508 0.558919 0.069336 0.115234
1 0.409180 0.538411 0.065430 0.093750
1 0.416504 0.525716 0.029297 0.091797
1 0.433838 0.535482 0.032715 0.095703
1 0.451172 0.524089 0.033203 0.092448
1 0.527588 0.404948 0.050293 0.048177
0 0.589600 0.411458 0.032715 0.022135
0 0.487793 0.479818 0.046875 0.069010
0 0.459229 0.500326 0.051270 0.072266
0 0.426514 0.462891 0.062012 0.080729
2 0.604492 0.482422 0.131836 0.097656
2 0.534180 0.558268 0.115234 0.103516
2 0.498047 0.434245 0.051758 0.080729
2 0.554688 0.422852 0.063477 0.051432
17 0.516602 0.521810 0.351562 0.292318
