1 0.503418 0.505859 0.040039 0.032552
1 0.534180 0.471029 0.047852 0.068359
1 0.527588 0.476237 0.097168 0.016276
1 0.499756 0.472656 0.069824 0.072917
1 0.477051 0.438477 0.029297 0.029297
1 0.541504 0.555339 0.024414 0.095052
1 0.557129 0.582682 0.138672 0.036458
0 0.579102 0.493164 0.061523 0.064453
0 0.490967 0.558594 0.074707 0.074219
0 0.484375 0.446289 0.036133 0.033203
0 0.532959 0.442708 0.065918 0.029948
2 0.430176 0.483398 0.062500 0.051432
2 0.425049 0.497070 0.108887 0.091797
2 0.638916 0.513346 0.072754 0.098307
2 0.595215 0.510417 0.031250 0.052083
17 0.518311 0.551432 0.359863 0.255208
