1 0.497803 0.443034 0.079590 0.074870
1 0.430420 0.478516 0.114746 0.010417
1 0.520508 0.461589 0.078125 0.052083
1 0.517090 0.494792 0.113281 0.026042
1 0.438965 0.500977 0.044922 0.027995
1 0.461426 0.505859 0.022461 0.049479
1 0.616211 0.495443 0.084961 0.040365
1 0.577393 0.461589 0.051270 0.052083
0 0.631592 0.519206 0.070801 0.042318
0 0.577881 0.504557 0.116699 0.046875
0 0.563965 0.527669 0.125000 0.025391
0 0.645020 0.547201 0.070312 0.047526
2 0.488770 0.405273 0.067383 0.061849
2 0.507080 0.432617 0.054199 0.047526
2 0.471436 0.489258 0.124512 0.104818
2 0.491211 0.572266 0.073242 0.067708
2 0.587158 0.574544 0.067871 0.077474
17 0.517578 0.528320 0.349609 0.309245
