1 0.470215 0.541667 0.086914 0.075521
1 0.449463 0.550130 0.086426 0.074219
1 0.447266 0.565430 0.097656 0.069661
1 0.442627 0.567057 0.128418 0.072917
1 0.436768 0.589844 0.136230 0.074219
1 0.482422 0.401367 0.055664 0.037109
0 0.539551 0.404297 0.044922 0.042969
0 0.409180 0.493490 0.045898 0.096354
0 0.459229 0.510417 0.062988 0.059896
0 0.477295 0.488607 0.079590 0.056641
2 0.454834 0.441732 0.054199 0.067057
2 0.508301 0.430339 0.046875 0.066406
2 0.600098 0.459635 0.114258 0.101562
2 0.570557 0.553711 0.119629 0.110026
17 0.516113 0.524414 0.349609 0.294922
