1 0.583008 0.466471 0.031250 0.063151
1 0.603516 0.482422 0.058594 0.018229
1 0.626465 0.527995 0.114258 0.080729
1 0.563477 0.515625 0.129883 0.031250
1 0.537842 0.497396 0.070801 0.091146
1 0.498047 0.487305 0.144531 0.021484
1 0.423340 0.464844 0.067383 0.070312
1 0.496094 0.601237 0.067383 0.061849
1 0.532715 0.605469 0.026367 0.065104
0 0.418213 0.563477 0.081543 0.072266
0 0.393555 0.462240 0.039062 0.022135
0 0.572754 0.549805 0.033203 0.046224
2 0.430664 0.478516 0.063477 0.075521
2 0.500000 0.508464 0.061523 0.085938
2 0.528076 0.442383 0.043457 0.057943
2 0.579102 0.541667 0.121094 0.115885
17 0.515381 0.539388 0.348145 0.276693
