12 0.529297 0.464193 0.033203 0.131510
0 0.556641 0.486654 0.024414 0.026693
2 0.558594 0.500326 0.023438 0.046224
14 0.595215 0.499349 0.049805 0.063802
13 0.461426 0.594076 0.048828 0.063151
5 0.603760 0.562826 0.030762 0.064453
6 0.446045 0.543945 0.036621 0.035807
8 0.504883 0.501628 0.029297 0.073568
7 0.487549 0.503581 0.036621 0.149089
10 0.569336 0.559896 0.033203 0.109375
10 0.465088 0.469076 0.020996 0.134766
10 0.438721 0.457031 0.029785 0.144531
12 0.533203 0.560221 0.032227 0.077474
17 0.520996 0.552409 0.373047 0.344401
