1 0.598877 0.472005 0.072754 0.044271
1 0.617188 0.505208 0.080078 0.042969
1 0.520264 0.462891 0.086426 0.058594
1 0.496338 0.444010 0.063965 0.062500
1 0.424805 0.465820 0.101562 0.025391
1 0.435547 0.481445 0.074219 0.030599
1 0.450928 0.498698 0.062012 0.032552
1 0.511719 0.494792 0.086914 0.036458
0 0.556641 0.536133 0.129883 0.043620
0 0.588379 0.511393 0.076172 0.047526
0 0.630127 0.564453 0.065918 0.074219
2 0.541260 0.454753 0.042480 0.072266
2 0.504883 0.397461 0.076172 0.061849
2 0.474121 0.477214 0.136719 0.108073
2 0.466309 0.562826 0.077148 0.074870
2 0.564453 0.584310 0.073242 0.081380
17 0.522217 0.518555 0.358887 0.318359
