12 0.544678 0.454102 0.029785 0.142578
14 0.450928 0.462891 0.041504 0.058594
13 0.488770 0.523438 0.032227 0.046875
16 0.438965 0.580078 0.044922 0.044271
5 0.452637 0.510417 0.041992 0.053385
6 0.409424 0.547852 0.030762 0.076172
8 0.593506 0.558268 0.085449 0.093099
7 0.530518 0.509115 0.042480 0.144531
9 0.450928 0.544596 0.060059 0.044922
10 0.485596 0.575195 0.042480 0.104818
10 0.570557 0.477865 0.026855 0.065104
12 0.505127 0.492839 0.012207 0.046875
17 0.518311 0.549805 0.367676 0.345703
