1 0.496338 0.536458 0.085449 0.049479
1 0.591797 0.505859 0.031250 0.079427
1 0.610840 0.505208 0.033203 0.079427
1 0.622559 0.501628 0.040039 0.068359
1 0.629883 0.495768 0.084961 0.081380
1 0.638672 0.481445 0.076172 0.076172
0 0.621094 0.557943 0.069336 0.065104
0 0.581055 0.524089 0.038086 0.048177
0 0.553467 0.528971 0.059082 0.063151
0 0.440186 0.517578 0.046387 0.080729
2 0.539307 0.582357 0.078613 0.081380
2 0.456299 0.555339 0.081543 0.088542
2 0.439209 0.463542 0.130371 0.092448
2 0.530762 0.444661 0.076172 0.080729
17 0.515625 0.530924 0.356445 0.275391
