1 0.454590 0.471354 0.131836 0.032552
1 0.446045 0.479492 0.119629 0.030599
1 0.432129 0.446615 0.020508 0.098958
1 0.600586 0.428711 0.080078 0.063151
1 0.608643 0.506185 0.054199 0.063151
1 0.520508 0.528971 0.156250 0.064453
1 0.517090 0.547201 0.151367 0.068359
0 0.529297 0.511719 0.046875 0.067708
0 0.576172 0.473307 0.036133 0.108073
0 0.546631 0.450846 0.052246 0.060547
0 0.517334 0.444010 0.027832 0.045573
2 0.430664 0.477865 0.112305 0.092448
2 0.595703 0.451823 0.051758 0.061198
2 0.617676 0.508464 0.048828 0.062500
2 0.591309 0.559245 0.075195 0.067708
17 0.517334 0.526693 0.357910 0.276042
