1 0.620850 0.496419 0.078613 0.025391
1 0.629639 0.536458 0.074707 0.067708
1 0.508545 0.447266 0.088379 0.050781
1 0.508057 0.465169 0.110840 0.042318
1 0.442139 0.454102 0.132324 0.044922
1 0.428467 0.462240 0.105957 0.014323
1 0.437500 0.474935 0.093750 0.014974
1 0.489258 0.487305 0.044922 0.046224
0 0.538330 0.541992 0.117676 0.064453
0 0.596924 0.583984 0.036621 0.083333
0 0.615723 0.565104 0.066406 0.088542
0 0.577881 0.526367 0.093262 0.072266
2 0.506592 0.591797 0.078613 0.078125
2 0.424805 0.543620 0.064453 0.076823
2 0.469971 0.470703 0.122559 0.111979
2 0.534424 0.397135 0.056152 0.053385
2 0.554688 0.458659 0.069336 0.076172
17 0.521973 0.520833 0.351562 0.324219
