1 0.414795 0.510091 0.020996 0.095703
1 0.428467 0.512370 0.025879 0.093750
1 0.452393 0.494466 0.026855 0.080078
1 0.572266 0.420247 0.031250 0.069661
1 0.598633 0.433594 0.076172 0.046875
0 0.522461 0.404948 0.017578 0.059896
0 0.470215 0.501628 0.020508 0.043620
0 0.508545 0.489258 0.099121 0.098307
0 0.446289 0.442383 0.076172 0.051432
1 0.558838 0.412109 0.039551 0.046875
2 0.559082 0.503906 0.108398 0.110677
2 0.496582 0.448568 0.045898 0.063802
2 0.527588 0.417969 0.050293 0.052083
2 0.593506 0.446615 0.065918 0.055990
2 0.491455 0.564128 0.113770 0.090495
17 0.513916 0.525716 0.349121 0.304036
