1 0.474854 0.538737 0.091309 0.077474
1 0.454346 0.556641 0.085449 0.071615
1 0.451172 0.560221 0.095703 0.070964
1 0.444092 0.574219 0.135254 0.065104
1 0.444092 0.596029 0.146973 0.072266
0 0.405518 0.496094 0.038574 0.093750
0 0.458252 0.519857 0.069824 0.054036
0 0.474854 0.489583 0.088379 0.052083
0 0.539795 0.407227 0.032715 0.044922
2 0.452881 0.445964 0.057129 0.065104
2 0.506592 0.425456 0.056152 0.073568
2 0.593750 0.458333 0.121094 0.083333
2 0.578125 0.552083 0.114258 0.100260
17 0.513184 0.525716 0.349609 0.279297
