1 0.624756 0.572917 0.065918 0.059896
1 0.616211 0.589518 0.038086 0.083984
1 0.584229 0.486654 0.127441 0.067057
1 0.579590 0.467122 0.084961 0.051432
1 0.617432 0.508138 0.033691 0.063151
1 0.421631 0.534180 0.055176 0.094401
1 0.438721 0.445964 0.079590 0.091146
1 0.517090 0.443034 0.097656 0.042318
1 0.532471 0.438477 0.086426 0.035807
0 0.449463 0.511068 0.057129 0.053385
0 0.521729 0.526042 0.046387 0.084635
0 0.511719 0.596354 0.036133 0.105469
0 0.468506 0.581380 0.063965 0.037760
2 0.615967 0.504232 0.115723 0.094401
2 0.470703 0.450521 0.053711 0.080729
2 0.429688 0.484701 0.041992 0.063151
2 0.426514 0.556966 0.072754 0.081380
17 0.518555 0.534831 0.355469 0.296224
