1 0.423340 0.430339 0.098633 0.041667
1 0.550049 0.430990 0.119629 0.032552
1 0.590088 0.485677 0.032715 0.140625
1 0.609131 0.495443 0.048340 0.143229
1 0.532715 0.523438 0.024414 0.122396
1 0.520508 0.515951 0.024414 0.132161
1 0.494385 0.537109 0.137207 0.055990
1 0.414551 0.570964 0.095703 0.032552
1 0.435303 0.591471 0.052246 0.034505
0 0.471924 0.458008 0.095215 0.063151
0 0.414795 0.482747 0.063965 0.057943
0 0.406006 0.505208 0.105957 0.041667
2 0.520020 0.549154 0.119141 0.112630
2 0.529053 0.451497 0.044434 0.055339
2 0.586670 0.466146 0.065918 0.072917
2 0.435547 0.456055 0.057617 0.069661
17 0.514648 0.538411 0.350586 0.282552
