1 0.588379 0.462891 0.123047 0.050781
1 0.576172 0.466797 0.118164 0.013021
1 0.477051 0.442383 0.090820 0.014974
1 0.477051 0.448242 0.084961 0.026693
1 0.425049 0.485352 0.019043 0.100911
1 0.499756 0.563477 0.144043 0.064453
1 0.633545 0.542318 0.088379 0.063802
1 0.629395 0.520182 0.093750 0.036458
0 0.524170 0.518555 0.086426 0.043620
0 0.485596 0.527344 0.052246 0.046875
0 0.548340 0.600260 0.026367 0.054688
0 0.586426 0.585938 0.084961 0.071615
2 0.436768 0.471029 0.059082 0.061849
2 0.428955 0.519206 0.057129 0.059245
2 0.494141 0.588216 0.065430 0.078776
2 0.600586 0.465169 0.112305 0.086589
17 0.517822 0.547201 0.356934 0.259766
