1 0.574219 0.444010 0.116211 0.044271
1 0.581055 0.456706 0.116211 0.039714
1 0.581055 0.462891 0.088867 0.037760
1 0.577393 0.471029 0.085449 0.051432
1 0.558594 0.473958 0.071289 0.045573
1 0.575684 0.536784 0.076172 0.077474
1 0.581543 0.535156 0.071289 0.076823
0 0.515381 0.543945 0.054199 0.064453
0 0.642090 0.511393 0.041992 0.064453
0 0.572266 0.497396 0.074219 0.033854
0 0.556641 0.516602 0.067383 0.033203
2 0.473877 0.438477 0.103027 0.044922
2 0.449463 0.504232 0.135254 0.112630
2 0.546875 0.567708 0.081055 0.084635
2 0.617920 0.556641 0.069824 0.089844
17 0.517090 0.531576 0.348633 0.280599
