1 0.475586 0.486003 0.017578 0.065755
1 0.462891 0.470703 0.073242 0.050781
1 0.429932 0.511068 0.071777 0.024740
1 0.421631 0.536784 0.070801 0.034505
1 0.416504 0.563477 0.093750 0.029297
1 0.435059 0.591146 0.059570 0.033854
1 0.419922 0.524089 0.031250 0.106771
1 0.600342 0.509766 0.114746 0.045573
1 0.621094 0.511719 0.046875 0.084635
0 0.506836 0.469076 0.076172 0.061849
0 0.593506 0.559245 0.050293 0.059896
0 0.404053 0.504557 0.101074 0.022135
0 0.423340 0.466471 0.057617 0.029297
2 0.584961 0.431315 0.051758 0.076172
2 0.544922 0.456055 0.044922 0.069661
2 0.515625 0.538086 0.073242 0.064453
2 0.511963 0.557943 0.116699 0.115885
17 0.518311 0.536133 0.348145 0.296224
