12 0.518799 0.484701 0.036621 0.141276
0 0.494629 0.542318 0.091797 0.050781
2 0.490723 0.564779 0.067383 0.067057
14 0.435547 0.479167 0.048828 0.057292
13 0.494629 0.488607 0.013672 0.038411
5 0.432129 0.540365 0.044922 0.069010
6 0.544922 0.518555 0.026367 0.021484
8 0.584717 0.594076 0.099121 0.097005
7 0.523682 0.440755 0.025879 0.088542
10 0.579590 0.479818 0.041992 0.121094
10 0.633545 0.492839 0.034668 0.162760
12 0.471436 0.510091 0.023926 0.050130
17 0.517090 0.549479 0.366211 0.338542
