1 0.486084 0.465169 0.034668 0.113932
1 0.511475 0.472331 0.074707 0.103516
1 0.548340 0.491862 0.120117 0.030599
1 0.458008 0.506185 0.067383 0.044922
1 0.494385 0.524740 0.027832 0.033854
1 0.515381 0.516927 0.032715 0.033854
1 0.589600 0.466471 0.075684 0.018880
0 0.636963 0.509115 0.088379 0.049479
0 0.623047 0.500326 0.093750 0.018880
0 0.565918 0.517253 0.086914 0.048828
2 0.633301 0.553060 0.075195 0.090495
2 0.567139 0.574219 0.068848 0.069010
2 0.488037 0.503255 0.137207 0.111979
2 0.454834 0.411458 0.059082 0.069010
2 0.425049 0.460286 0.032715 0.069010
17 0.520752 0.521159 0.356934 0.305339
