1 0.548340 0.470703 0.128906 0.050781
1 0.562500 0.466471 0.109375 0.055339
1 0.598145 0.457682 0.033203 0.015625
1 0.616211 0.472005 0.060547 0.015625
1 0.465088 0.497721 0.054199 0.086589
1 0.437256 0.479492 0.054199 0.063151
1 0.510254 0.415365 0.088867 0.069010
0 0.600586 0.545573 0.075195 0.028646
0 0.648438 0.527344 0.060547 0.024740
0 0.511719 0.558268 0.031250 0.115234
0 0.556885 0.427734 0.059082 0.036458
2 0.544434 0.481120 0.070312 0.066406
2 0.466797 0.518555 0.060547 0.069661
2 0.581055 0.549479 0.091797 0.067708
2 0.535645 0.439128 0.096680 0.080078
17 0.514648 0.521159 0.350586 0.294922
