0 0.562500 0.596680 0.046875 0.072266
2 0.437256 0.542318 0.041504 0.069010
2 0.577881 0.610352 0.063965 0.068359
13 0.459961 0.611654 0.044922 0.067057
16 0.508301 0.634766 0.055664 0.050781
4 0.619385 0.589193 0.027832 0.041667
5 0.527588 0.578451 0.034668 0.061849
6 0.591797 0.564128 0.029297 0.048828
8 0.577393 0.524740 0.064941 0.066406
7 0.532715 0.479818 0.046875 0.084635
9 0.565674 0.560221 0.034668 0.043620
9 0.499756 0.535156 0.020996 0.092448
10 0.473633 0.521484 0.024414 0.121094
12 0.521729 0.535807 0.054199 0.039062
17 0.550537 0.574219 0.334473 0.285156
