1 0.485352 0.462240 0.034180 0.101562
1 0.514893 0.462240 0.064941 0.106771
1 0.520264 0.470378 0.130371 0.059245
1 0.447754 0.493815 0.083008 0.029297
1 0.452881 0.400391 0.017090 0.042969
0 0.489258 0.383464 0.031250 0.045573
0 0.625977 0.474284 0.040039 0.090495
0 0.449707 0.492188 0.104492 0.048177
2 0.620117 0.508138 0.073242 0.063151
2 0.614746 0.563477 0.079102 0.076172
2 0.485352 0.494141 0.136719 0.113281
2 0.469727 0.438477 0.100586 0.039714
2 0.461182 0.402018 0.059082 0.057943
17 0.518799 0.514648 0.365723 0.326172
