12 0.558594 0.484701 0.034180 0.156901
1 0.402100 0.584310 0.016113 0.074870
1 0.600586 0.564779 0.033203 0.082682
14 0.532959 0.448568 0.034668 0.049479
14 0.499756 0.486654 0.023926 0.057943
13 0.532471 0.517253 0.021973 0.034505
16 0.433594 0.507487 0.031250 0.014974
5 0.524170 0.486979 0.029785 0.036458
6 0.571045 0.579427 0.067871 0.045573
8 0.499756 0.574544 0.117676 0.085286
7 0.470215 0.481445 0.033203 0.123047
10 0.425049 0.534831 0.065918 0.039714
12 0.579102 0.519206 0.012695 0.063151
17 0.518066 0.565430 0.364258 0.326172
