1 0.640137 0.542969 0.008789 0.102865
1 0.657471 0.534505 0.014160 0.105469
1 0.623047 0.539714 0.024414 0.089844
1 0.610352 0.538086 0.031250 0.078776
1 0.584717 0.533529 0.045410 0.081380
1 0.426514 0.503906 0.051270 0.022135
0 0.408936 0.471029 0.014160 0.072266
0 0.518799 0.538086 0.032715 0.061849
0 0.558838 0.541667 0.027832 0.061198
0 0.570557 0.587891 0.130371 0.048177
2 0.574463 0.464193 0.097168 0.085938
2 0.464600 0.442383 0.121582 0.094401
2 0.406250 0.507487 0.066406 0.078776
2 0.457520 0.563802 0.070312 0.080729
17 0.510742 0.528320 0.344727 0.279297
