1 0.574219 0.456380 0.076172 0.027344
1 0.560547 0.447266 0.017578 0.028646
1 0.536133 0.423503 0.088867 0.043620
1 0.513428 0.445964 0.020996 0.040365
1 0.456299 0.493490 0.034668 0.036458
1 0.432129 0.488281 0.038086 0.032552
1 0.504883 0.532878 0.147461 0.074870
1 0.645508 0.520182 0.086914 0.057292
0 0.530518 0.505859 0.091309 0.046875
0 0.585938 0.523438 0.124023 0.036458
0 0.631592 0.504883 0.090332 0.020182
2 0.635010 0.549805 0.074707 0.073568
2 0.524170 0.572266 0.072754 0.065104
2 0.449219 0.542318 0.078125 0.087240
2 0.506348 0.438151 0.089844 0.079427
17 0.517578 0.534831 0.352539 0.279297
