1 0.633301 0.482422 0.015625 0.097656
1 0.643799 0.479818 0.016113 0.097656
1 0.504883 0.454102 0.078125 0.017578
1 0.498047 0.448568 0.078125 0.020833
1 0.492676 0.434570 0.073242 0.026693
1 0.480225 0.430339 0.077637 0.045573
0 0.572510 0.447266 0.085449 0.032552
0 0.553467 0.462240 0.033691 0.026042
0 0.583252 0.474609 0.027832 0.032552
0 0.615479 0.518555 0.022949 0.039714
2 0.631836 0.472331 0.055664 0.042318
2 0.636963 0.518555 0.074707 0.080078
2 0.524170 0.529622 0.145996 0.121745
2 0.421875 0.500326 0.078125 0.093099
17 0.514893 0.537435 0.350098 0.266276
