12 0.561768 0.469076 0.036621 0.128255
1 0.423340 0.603516 0.098633 0.089844
1 0.623047 0.556966 0.033203 0.033203
14 0.459473 0.504232 0.035156 0.048828
14 0.504639 0.439779 0.031738 0.055339
13 0.521973 0.519857 0.028320 0.051432
16 0.414551 0.531576 0.040039 0.030599
5 0.513672 0.479818 0.017578 0.024740
6 0.596680 0.566081 0.026367 0.077474
8 0.536133 0.576172 0.111328 0.091146
7 0.489258 0.506510 0.033203 0.135417
10 0.438721 0.553385 0.072754 0.061198
17 0.520508 0.561523 0.370117 0.330078
