0 0.520508 0.595378 0.091797 0.043620
2 0.532715 0.611003 0.064453 0.074870
13 0.440674 0.572917 0.052246 0.055990
16 0.454590 0.616862 0.041992 0.063151
4 0.600342 0.618490 0.034668 0.048177
5 0.525635 0.565430 0.050293 0.037109
6 0.588379 0.585938 0.048828 0.046875
8 0.610840 0.542969 0.086914 0.092448
7 0.555176 0.488281 0.040039 0.097656
9 0.569092 0.572591 0.040527 0.035807
9 0.524170 0.501953 0.032715 0.032552
10 0.487549 0.511068 0.034668 0.131510
12 0.519043 0.532878 0.050781 0.039714
17 0.512939 0.589193 0.370605 0.311198
