1 0.375977 0.526367 0.039062 0.026693
1 0.375977 0.501628 0.028320 0.027995
1 0.430420 0.532552 0.088379 0.075521
1 0.463135 0.542969 0.057129 0.052083
1 0.562500 0.575846 0.125000 0.061849
1 0.584717 0.482422 0.097168 0.046875
1 0.574463 0.478516 0.095215 0.050781
1 0.485840 0.466471 0.048828 0.095703
1 0.510010 0.464193 0.065918 0.087240
0 0.509766 0.398438 0.020508 0.065104
0 0.431885 0.460938 0.067871 0.033854
0 0.560547 0.475586 0.051758 0.048828
0 0.426758 0.518555 0.131836 0.056641
2 0.589844 0.494792 0.062500 0.071615
2 0.499756 0.476888 0.067871 0.077474
2 0.515137 0.435221 0.063477 0.052734
2 0.447754 0.532227 0.125000 0.120443
17 0.522461 0.512695 0.359375 0.310547
