1 0.518799 0.432943 0.135254 0.065104
1 0.542969 0.416341 0.031250 0.104818
1 0.558838 0.417318 0.019043 0.111979
1 0.584717 0.418945 0.041504 0.089193
1 0.525635 0.460938 0.072754 0.022135
1 0.436768 0.550781 0.106934 0.019531
1 0.477295 0.582682 0.052246 0.089844
0 0.478760 0.493815 0.081543 0.034505
0 0.386963 0.487305 0.069824 0.038411
0 0.471436 0.524740 0.105957 0.037760
0 0.404053 0.522135 0.093262 0.026042
2 0.444092 0.446289 0.050293 0.063151
2 0.492676 0.427734 0.038086 0.050781
2 0.555176 0.452148 0.114258 0.099609
2 0.590088 0.488281 0.072754 0.078125
2 0.583008 0.552083 0.123047 0.100260
17 0.520508 0.515625 0.337891 0.326823
