1 0.511963 0.466471 0.057129 0.083984
1 0.513672 0.460938 0.098633 0.031250
1 0.617920 0.574870 0.052246 0.078125
1 0.631836 0.559896 0.048828 0.057292
1 0.562012 0.582357 0.147461 0.018880
1 0.557129 0.551432 0.064453 0.109375
1 0.492920 0.541667 0.135254 0.026042
1 0.525879 0.555339 0.064453 0.102865
1 0.477295 0.544596 0.097168 0.080078
0 0.541504 0.483073 0.051758 0.033854
0 0.436768 0.518555 0.101074 0.068359
0 0.466797 0.580404 0.078125 0.052734
0 0.534424 0.597982 0.048340 0.100911
2 0.612305 0.477865 0.067383 0.062500
2 0.607910 0.495443 0.108398 0.102865
2 0.430176 0.481445 0.053711 0.061849
2 0.434082 0.434570 0.065430 0.054036
17 0.518799 0.542318 0.358887 0.283854
