12 0.532715 0.473307 0.033203 0.156250
0 0.572754 0.480469 0.024414 0.067708
2 0.584961 0.516602 0.053711 0.060547
14 0.494385 0.569336 0.045410 0.063151
13 0.438721 0.585938 0.040527 0.053385
5 0.570801 0.559896 0.053711 0.079427
6 0.492920 0.565104 0.079590 0.019531
8 0.574463 0.484701 0.054199 0.051432
9 0.449219 0.512695 0.038086 0.083984
10 0.501953 0.500000 0.024414 0.093750
10 0.477783 0.467448 0.024902 0.140625
10 0.452393 0.430339 0.024902 0.106771
17 0.517822 0.549805 0.360840 0.360026
