1 0.454834 0.446615 0.090332 0.055990
1 0.412842 0.450846 0.100098 0.011068
1 0.496094 0.441732 0.115234 0.048828
1 0.525879 0.446615 0.104492 0.044271
1 0.609131 0.468099 0.017090 0.092448
1 0.479004 0.578125 0.093750 0.093750
1 0.482178 0.549805 0.108887 0.055339
0 0.614502 0.449219 0.052246 0.054688
0 0.596924 0.528320 0.107910 0.038411
0 0.442383 0.447266 0.020508 0.072917
0 0.560791 0.457031 0.025879 0.057292
2 0.445557 0.457031 0.103027 0.084635
2 0.527588 0.465820 0.062012 0.067057
2 0.606934 0.479492 0.059570 0.072266
2 0.554688 0.561523 0.074219 0.076172
17 0.520752 0.526367 0.362793 0.287109
