12 0.496338 0.445964 0.025879 0.138021
2 0.470215 0.534180 0.057617 0.052734
0 0.577881 0.564779 0.023926 0.067057
13 0.412842 0.557292 0.041504 0.057292
16 0.478760 0.579753 0.050293 0.035807
5 0.521973 0.464844 0.028320 0.037760
6 0.476807 0.509766 0.069824 0.052083
8 0.553467 0.503581 0.067871 0.065755
9 0.523682 0.586589 0.041504 0.087240
9 0.602295 0.513346 0.034668 0.086589
10 0.423828 0.477865 0.034180 0.134115
10 0.544434 0.524089 0.029297 0.111979
17 0.519775 0.547526 0.375488 0.367188
