1 0.502930 0.442383 0.083008 0.017578
1 0.525635 0.463542 0.021973 0.036458
1 0.558838 0.466797 0.043457 0.031250
1 0.548340 0.418620 0.017578 0.115885
1 0.509766 0.419596 0.063477 0.106120
1 0.600342 0.429688 0.027832 0.097656
1 0.609131 0.431641 0.023926 0.089844
0 0.565674 0.427083 0.048340 0.059896
0 0.594727 0.455404 0.027344 0.024089
0 0.469727 0.553385 0.097656 0.065104
0 0.416504 0.427734 0.022461 0.055990
2 0.416260 0.481120 0.065918 0.048177
2 0.411377 0.432292 0.057129 0.055990
2 0.529297 0.445964 0.109375 0.097656
2 0.613037 0.464193 0.064941 0.076823
2 0.609375 0.527669 0.108398 0.099609
17 0.515869 0.516602 0.350098 0.320964
