1 0.504883 0.454102 0.086914 0.073568
1 0.518799 0.463867 0.063965 0.068359
1 0.518799 0.430664 0.010254 0.030599
1 0.402344 0.478516 0.095703 0.039062
1 0.370850 0.478841 0.038574 0.020182
1 0.468506 0.567708 0.133301 0.052083
1 0.563721 0.512044 0.141113 0.038411
0 0.424805 0.457682 0.048828 0.074219
0 0.602295 0.431641 0.041504 0.071615
0 0.631592 0.524089 0.065918 0.046875
2 0.569824 0.527669 0.064453 0.074870
2 0.588135 0.459635 0.064941 0.071615
2 0.518799 0.472331 0.059082 0.074870
2 0.433350 0.472656 0.104980 0.087240
17 0.515381 0.523763 0.349121 0.277995
