12 0.490967 0.554688 0.067871 0.093750
0 0.498047 0.464193 0.041992 0.037760
2 0.529053 0.496745 0.053223 0.053385
14 0.562256 0.557292 0.046387 0.055990
13 0.555176 0.599935 0.038086 0.061849
6 0.524170 0.575195 0.032715 0.054036
8 0.465088 0.505859 0.095215 0.070312
10 0.536133 0.496745 0.022461 0.097656
10 0.456299 0.495443 0.036621 0.147135
10 0.402588 0.490885 0.043457 0.154948
12 0.581543 0.525716 0.053711 0.044922
12 0.577393 0.477539 0.032715 0.094401
17 0.520020 0.567708 0.369141 0.326823
