1 0.560303 0.407878 0.055176 0.057943
1 0.560547 0.454753 0.086914 0.050130
1 0.574463 0.445964 0.065918 0.053385
1 0.560547 0.479167 0.060547 0.080729
1 0.619385 0.492188 0.086426 0.013021
1 0.638184 0.511393 0.081055 0.030599
1 0.524170 0.534180 0.159668 0.041016
1 0.470459 0.478516 0.043457 0.076823
1 0.440918 0.470378 0.116211 0.043620
0 0.608887 0.448242 0.066406 0.026693
0 0.627686 0.560221 0.099121 0.059245
0 0.478516 0.559570 0.041992 0.112630
2 0.577637 0.451172 0.095703 0.079427
2 0.543701 0.487305 0.078613 0.055339
2 0.535645 0.551432 0.072266 0.080729
2 0.429932 0.502279 0.056152 0.064453
17 0.521240 0.521810 0.360840 0.300130
