1 0.636963 0.486328 0.061035 0.096354
1 0.645508 0.492839 0.069336 0.097656
1 0.607422 0.587240 0.040039 0.057292
1 0.584717 0.596354 0.010254 0.088542
1 0.520508 0.493164 0.116211 0.063151
1 0.511963 0.482096 0.095215 0.072266
1 0.504639 0.446289 0.126465 0.044922
0 0.485352 0.591146 0.025391 0.098958
0 0.433838 0.490885 0.110840 0.027344
0 0.412598 0.511719 0.066406 0.035156
0 0.615723 0.520833 0.071289 0.036458
2 0.612549 0.516602 0.114746 0.098307
2 0.518799 0.502604 0.067871 0.080729
2 0.432129 0.515951 0.058594 0.077474
2 0.485840 0.451497 0.048828 0.043620
17 0.519043 0.542969 0.352539 0.273438
