12 0.532715 0.503581 0.040039 0.155599
1 0.414307 0.525391 0.072754 0.042969
1 0.567627 0.594727 0.104004 0.083984
14 0.585938 0.462240 0.043945 0.059896
14 0.553711 0.494141 0.015625 0.042969
16 0.497559 0.484701 0.020508 0.022786
5 0.588135 0.523438 0.043457 0.061198
6 0.501465 0.597331 0.102539 0.034505
8 0.447754 0.552083 0.120117 0.065104
7 0.473389 0.463867 0.038574 0.108724
10 0.473633 0.512370 0.076172 0.050781
12 0.568848 0.548177 0.030273 0.065104
17 0.518555 0.560547 0.363281 0.324219
