1 0.553223 0.457682 0.047852 0.092448
1 0.499756 0.465169 0.069824 0.056641
1 0.520020 0.463216 0.073242 0.077474
1 0.538086 0.494792 0.084961 0.046875
1 0.600586 0.487305 0.116211 0.099609
1 0.605713 0.500977 0.142090 0.024089
0 0.449463 0.454753 0.039551 0.097005
0 0.560303 0.392253 0.109863 0.043620
2 0.583008 0.399089 0.046875 0.053385
2 0.584961 0.436523 0.051758 0.043620
2 0.564209 0.500326 0.130371 0.104818
2 0.455811 0.481445 0.068848 0.082682
2 0.455811 0.543620 0.112793 0.087240
17 0.515625 0.518555 0.348633 0.307943
