1 0.522461 0.469076 0.053711 0.104818
1 0.547852 0.477214 0.022461 0.128906
1 0.584961 0.499349 0.149414 0.063802
1 0.563477 0.511393 0.103516 0.042318
1 0.503418 0.481771 0.071289 0.072917
1 0.461426 0.448893 0.046875 0.030599
0 0.430420 0.422201 0.020996 0.083984
0 0.598633 0.397461 0.076172 0.048828
2 0.621582 0.429688 0.060547 0.049479
2 0.616211 0.472331 0.056641 0.060547
2 0.542725 0.507161 0.140137 0.114583
2 0.433838 0.518880 0.105957 0.096354
2 0.432129 0.457682 0.066406 0.071615
17 0.516846 0.511719 0.349121 0.302083
