1 0.537598 0.477865 0.091797 0.096354
1 0.520752 0.474935 0.025879 0.137370
1 0.490967 0.473307 0.027832 0.121094
1 0.541504 0.511719 0.126953 0.033854
0 0.451172 0.401693 0.035156 0.066406
0 0.635010 0.445638 0.050293 0.077474
0 0.581299 0.469727 0.036621 0.042318
0 0.485840 0.517253 0.098633 0.027995
2 0.435303 0.422852 0.063965 0.061849
2 0.421387 0.482747 0.069336 0.081380
2 0.508789 0.503255 0.126953 0.119792
2 0.638672 0.473958 0.078125 0.050781
2 0.636963 0.521159 0.069824 0.081380
17 0.525635 0.524740 0.327637 0.328125
