1 0.565430 0.523438 0.109375 0.111979
1 0.561768 0.548503 0.096191 0.123047
1 0.612549 0.472982 0.029785 0.072266
1 0.527344 0.404297 0.109375 0.035156
1 0.466553 0.490234 0.109863 0.075521
1 0.472168 0.504557 0.116211 0.062500
1 0.421143 0.484701 0.057129 0.099609
0 0.546631 0.448568 0.052246 0.084635
0 0.489502 0.450195 0.019043 0.064453
0 0.459717 0.454102 0.057129 0.048828
0 0.537842 0.510091 0.062988 0.048828
2 0.534668 0.433919 0.057617 0.056641
2 0.598877 0.476562 0.043457 0.063802
2 0.614258 0.521159 0.064453 0.077474
2 0.433838 0.513021 0.116699 0.108073
17 0.516113 0.530599 0.352539 0.287760
