12 0.473145 0.492188 0.039062 0.156250
14 0.562256 0.516602 0.045410 0.064453
13 0.522217 0.564128 0.034668 0.056641
16 0.623047 0.531250 0.024414 0.046875
5 0.555176 0.572591 0.038086 0.067057
6 0.426514 0.541667 0.032715 0.067708
6 0.617676 0.580078 0.053711 0.059896
8 0.501465 0.495768 0.026367 0.055339
7 0.532715 0.456706 0.033203 0.126953
9 0.600586 0.547201 0.040039 0.060547
10 0.450928 0.508464 0.032715 0.100260
10 0.591553 0.502279 0.032715 0.029297
12 0.496338 0.556641 0.022949 0.074219
17 0.517578 0.555339 0.366211 0.345052
