1 0.490967 0.458333 0.018066 0.097656
1 0.456299 0.448568 0.034668 0.026042
1 0.470215 0.466146 0.142578 0.032552
1 0.444092 0.484375 0.024902 0.093750
1 0.554932 0.544596 0.025879 0.091797
1 0.577881 0.574219 0.139160 0.029948
1 0.556641 0.430990 0.100586 0.053385
1 0.424561 0.524089 0.034668 0.052083
0 0.567383 0.484701 0.060547 0.061849
0 0.421631 0.494792 0.077637 0.079427
0 0.538086 0.415365 0.022461 0.071615
2 0.429688 0.512370 0.118164 0.098958
2 0.508789 0.478841 0.062500 0.091797
2 0.546143 0.442708 0.054199 0.058594
2 0.609375 0.524740 0.062500 0.063802
17 0.519287 0.514974 0.356934 0.292969
