1 0.584961 0.460938 0.064453 0.013021
1 0.518311 0.466471 0.050293 0.098307
1 0.490967 0.457031 0.033691 0.125000
1 0.469727 0.504557 0.048828 0.042969
1 0.522461 0.518555 0.053711 0.029297
1 0.502930 0.520833 0.028320 0.035156
0 0.631592 0.497396 0.084473 0.029948
0 0.581543 0.477865 0.055664 0.020833
0 0.619629 0.484701 0.082031 0.018880
0 0.566895 0.517253 0.087891 0.050130
2 0.638672 0.539714 0.067383 0.083333
2 0.576172 0.573242 0.067383 0.077474
2 0.482178 0.509115 0.121582 0.122396
2 0.416748 0.478841 0.045410 0.077474
2 0.449707 0.419596 0.066406 0.052734
17 0.518799 0.523112 0.353027 0.313151
