1 0.602051 0.555339 0.053711 0.082031
1 0.571045 0.464844 0.034668 0.070312
1 0.502930 0.465169 0.115234 0.057943
1 0.485352 0.472005 0.107422 0.069010
1 0.520508 0.563477 0.123047 0.017578
1 0.544678 0.555013 0.100098 0.016276
1 0.565674 0.463542 0.025879 0.067708
1 0.397217 0.554688 0.083496 0.013021
1 0.414795 0.574219 0.052246 0.035156
0 0.404053 0.487630 0.101074 0.032552
0 0.477295 0.553385 0.114746 0.020833
0 0.452881 0.419596 0.030762 0.048828
0 0.535889 0.458333 0.030762 0.052083
2 0.489258 0.551758 0.123047 0.113932
2 0.491455 0.479167 0.067871 0.065104
2 0.468018 0.436523 0.069824 0.050130
2 0.569824 0.472331 0.054688 0.052734
17 0.516113 0.525065 0.347656 0.276693
