1 0.504395 0.485026 0.074219 0.092448
1 0.525391 0.477539 0.056641 0.124349
1 0.577881 0.464844 0.050293 0.091146
1 0.586670 0.503581 0.139160 0.061849
1 0.586426 0.505859 0.140625 0.029948
1 0.572754 0.524089 0.118164 0.032552
1 0.476807 0.458659 0.024902 0.057943
1 0.531006 0.437826 0.017090 0.031901
0 0.560547 0.434245 0.035156 0.031250
2 0.430908 0.527018 0.109863 0.094401
2 0.440674 0.467122 0.063965 0.082682
2 0.543213 0.509440 0.132324 0.107422
2 0.614746 0.455404 0.043945 0.056641
2 0.642578 0.505859 0.058594 0.066406
17 0.517578 0.538086 0.358398 0.275391
