1 0.456299 0.540365 0.110840 0.023438
1 0.438965 0.559245 0.046875 0.092448
1 0.473633 0.430664 0.116211 0.030599
1 0.435059 0.431966 0.115234 0.026693
1 0.506836 0.440430 0.071289 0.068359
1 0.539551 0.447266 0.140625 0.027344
1 0.615723 0.481445 0.044922 0.081380
0 0.593018 0.547852 0.134277 0.055339
0 0.640381 0.478516 0.052246 0.042969
0 0.589844 0.472656 0.046875 0.048177
2 0.517578 0.567383 0.066406 0.080078
2 0.614502 0.499349 0.074707 0.063802
2 0.532715 0.479492 0.069336 0.072266
2 0.465088 0.447917 0.088379 0.083333
17 0.520752 0.533529 0.349121 0.276693
