2 0.648438 0.456055 0.060547 0.068359
1 0.704102 0.490560 0.145508 0.030599
4 0.563965 0.440104 0.026367 0.042969
5 0.772217 0.445964 0.036621 0.096354
11 0.596924 0.325195 0.014160 0.048828
11 0.635254 0.346029 0.038086 0.048828
11 0.733887 0.416992 0.034180 0.052734
9 0.664795 0.399740 0.032715 0.080729
9 0.636963 0.392578 0.020996 0.063802
10 0.704590 0.406576 0.041992 0.160807
10 0.600098 0.403646 0.054688 0.174479
7 0.572510 0.352214 0.041504 0.154948
17 0.668945 0.430664 0.362305 0.309245
