8 0.628174 0.488281 0.121582 0.083333
1 0.473633 0.582682 0.055664 0.121094
1 0.496338 0.590169 0.014160 0.136068
1 0.525879 0.605794 0.060547 0.113932
1 0.563965 0.590169 0.095703 0.123047
1 0.569092 0.590495 0.062988 0.075521
1 0.579590 0.557943 0.104492 0.040365
0 0.456299 0.462240 0.070801 0.044271
0 0.525879 0.494466 0.041992 0.059245
0 0.461670 0.520508 0.072754 0.043620
7 0.406006 0.542318 0.043457 0.118490
7 0.564453 0.413411 0.042969 0.153646
7 0.606201 0.477214 0.054199 0.158854
17 0.516846 0.506510 0.358887 0.348958
