8 0.489014 0.563477 0.141113 0.123047
1 0.532715 0.451497 0.053711 0.108724
1 0.563965 0.494792 0.031250 0.057292
1 0.579102 0.492513 0.084961 0.016276
1 0.454346 0.380859 0.155762 0.029948
1 0.449463 0.472331 0.112793 0.041016
1 0.479004 0.447266 0.013672 0.113281
0 0.569336 0.472331 0.099609 0.013672
0 0.555176 0.489258 0.116211 0.029297
0 0.610840 0.510417 0.026367 0.048177
7 0.511963 0.447917 0.077637 0.042969
7 0.453369 0.453451 0.040527 0.139974
7 0.583008 0.548503 0.107422 0.085286
17 0.520752 0.527344 0.359863 0.347656
