2 0.730713 0.463542 0.025879 0.072917
1 0.758301 0.462891 0.071289 0.066406
4 0.647217 0.477865 0.041504 0.045573
5 0.772217 0.401693 0.034668 0.084635
5 0.641846 0.376302 0.032715 0.061198
11 0.552002 0.386719 0.025879 0.101562
9 0.662354 0.410807 0.035645 0.087240
9 0.663086 0.386393 0.038086 0.072266
14 0.617920 0.401042 0.032715 0.057292
13 0.608887 0.369141 0.020508 0.041667
10 0.742920 0.379557 0.032715 0.136719
10 0.703125 0.422201 0.041992 0.173828
7 0.584717 0.389648 0.044434 0.158203
17 0.665283 0.439779 0.358887 0.288411
