4 0.640625 0.473958 0.062500 0.046875
5 0.638672 0.269857 0.048828 0.070964
5 0.725586 0.315755 0.031250 0.092448
11 0.558838 0.375326 0.036621 0.094401
11 0.678467 0.336589 0.027832 0.074219
11 0.772461 0.421875 0.044922 0.093750
9 0.664551 0.407878 0.038086 0.082682
9 0.721436 0.399089 0.020020 0.076823
13 0.612549 0.370117 0.025879 0.052734
14 0.583008 0.371094 0.025391 0.055990
10 0.701416 0.395182 0.045410 0.145833
7 0.635498 0.373372 0.036621 0.141276
17 0.669922 0.404622 0.365234 0.358724
