0 0.631836 0.416016 0.044922 0.035156
0 0.734131 0.420573 0.105957 0.028646
2 0.610352 0.369792 0.052734 0.054688
2 0.571045 0.401042 0.048340 0.057292
1 0.634766 0.456380 0.117188 0.061198
1 0.569092 0.386393 0.041504 0.076172
5 0.635254 0.461589 0.036133 0.080729
5 0.732422 0.443685 0.050781 0.077474
11 0.661133 0.424805 0.024414 0.132161
11 0.732422 0.375326 0.033203 0.054036
11 0.702881 0.484701 0.034668 0.048828
9 0.644043 0.354167 0.031250 0.075521
9 0.683838 0.416341 0.023926 0.044922
13 0.766846 0.425456 0.024902 0.055339
14 0.694580 0.395182 0.034668 0.041667
17 0.671631 0.449544 0.370605 0.267578
