8 0.529297 0.571615 0.126953 0.117188
1 0.466553 0.391602 0.163574 0.017578
1 0.520020 0.465169 0.054688 0.076172
1 0.551758 0.487305 0.038086 0.041016
1 0.556885 0.479167 0.059082 0.024740
1 0.431641 0.488932 0.139648 0.028646
1 0.444336 0.422201 0.015625 0.055339
0 0.520508 0.496419 0.046875 0.038411
0 0.548340 0.465495 0.083008 0.032552
0 0.599854 0.488281 0.029785 0.054688
7 0.470459 0.456706 0.112793 0.072266
7 0.466797 0.475260 0.033203 0.165365
7 0.598145 0.528971 0.121094 0.073568
17 0.517578 0.535156 0.366211 0.320312
