0 0.628174 0.367839 0.041504 0.029948
0 0.723877 0.470052 0.119629 0.045573
2 0.583252 0.375000 0.052246 0.062500
2 0.605713 0.439779 0.055176 0.060547
1 0.643799 0.485352 0.142090 0.060547
1 0.676758 0.460938 0.024414 0.093750
4 0.562012 0.415365 0.045898 0.035156
5 0.716553 0.470378 0.036621 0.087891
5 0.716797 0.399089 0.055664 0.063802
11 0.685303 0.354818 0.029785 0.040365
11 0.751465 0.442708 0.034180 0.042969
11 0.638184 0.390951 0.027344 0.056641
9 0.596924 0.339518 0.029785 0.052734
9 0.661133 0.417643 0.038086 0.052734
14 0.674805 0.395508 0.033203 0.047526
13 0.737061 0.379883 0.014160 0.041016
17 0.670166 0.442057 0.367676 0.264323
