4 0.715088 0.400391 0.025879 0.027344
5 0.605713 0.320964 0.036621 0.079427
5 0.702881 0.282878 0.052246 0.082682
11 0.657715 0.335938 0.029297 0.062500
11 0.763428 0.429688 0.050293 0.109375
11 0.565674 0.367839 0.027832 0.088542
9 0.603516 0.393555 0.039062 0.087891
9 0.654053 0.404297 0.029785 0.079427
13 0.659424 0.477214 0.045410 0.055990
14 0.715088 0.482096 0.054199 0.076172
10 0.640381 0.350260 0.019043 0.153646
7 0.692383 0.385417 0.033203 0.121094
17 0.667725 0.411784 0.368652 0.332682
