4 0.744629 0.462891 0.033203 0.035156
5 0.716553 0.369792 0.032715 0.072917
5 0.645508 0.385417 0.029297 0.067708
11 0.576172 0.375977 0.031250 0.029297
11 0.643311 0.346029 0.029785 0.035807
11 0.591797 0.467448 0.076172 0.061198
9 0.664551 0.394531 0.040039 0.070312
9 0.749756 0.379232 0.039551 0.046224
13 0.598877 0.352865 0.027832 0.044271
14 0.619141 0.424154 0.040039 0.051432
10 0.565186 0.407552 0.081543 0.063802
10 0.730713 0.427734 0.110840 0.041667
7 0.677002 0.467122 0.124512 0.072266
17 0.663818 0.446940 0.352051 0.272786
