0 0.735840 0.370443 0.080078 0.028646
0 0.701172 0.425456 0.121094 0.041016
2 0.585938 0.361654 0.049805 0.035807
2 0.702881 0.385091 0.057129 0.043620
1 0.588135 0.353841 0.084473 0.035807
1 0.607422 0.377930 0.121094 0.052734
4 0.652100 0.391602 0.025879 0.035807
5 0.692383 0.454102 0.046875 0.077474
5 0.572510 0.435221 0.034668 0.082682
11 0.761475 0.407227 0.040527 0.070964
11 0.617920 0.422852 0.025879 0.095703
11 0.635254 0.473307 0.041992 0.058594
9 0.581299 0.387044 0.036621 0.047526
9 0.643555 0.410807 0.016602 0.083333
14 0.715088 0.416016 0.029785 0.041667
13 0.759766 0.460938 0.047852 0.061198
17 0.668701 0.458008 0.356934 0.250651
