0 0.704834 0.429688 0.128418 0.032552
2 0.652588 0.361979 0.048340 0.062500
2 0.581055 0.379883 0.051758 0.044922
1 0.576172 0.361979 0.041992 0.066406
1 0.603516 0.452474 0.139648 0.015625
5 0.694092 0.453451 0.052246 0.078776
5 0.577637 0.439779 0.034180 0.083984
11 0.763672 0.403971 0.050781 0.077474
11 0.638672 0.477214 0.044922 0.048177
11 0.615967 0.414714 0.034668 0.111979
9 0.700928 0.360677 0.034668 0.075521
9 0.662598 0.423503 0.056641 0.052734
13 0.761719 0.454102 0.041016 0.056641
14 0.714844 0.415365 0.040039 0.046875
17 0.667236 0.445964 0.367676 0.266927
