0 0.598633 0.402018 0.086914 0.086589
0 0.621338 0.361003 0.079590 0.054036
2 0.631348 0.465495 0.054688 0.065104
2 0.711426 0.475586 0.064453 0.063151
1 0.675049 0.462240 0.025879 0.020833
1 0.692383 0.432617 0.100586 0.014974
5 0.621338 0.377604 0.043457 0.065104
5 0.716797 0.363932 0.022461 0.071615
11 0.694092 0.350260 0.036621 0.046875
11 0.650635 0.379883 0.026855 0.042318
11 0.563477 0.410482 0.041016 0.095703
9 0.682373 0.404622 0.035645 0.069661
9 0.753418 0.420247 0.040039 0.098307
17 0.667725 0.449870 0.368652 0.270833
