0 0.596680 0.462891 0.044922 0.066406
0 0.708008 0.390951 0.069336 0.041016
2 0.675293 0.367839 0.055664 0.067708
2 0.600586 0.390951 0.055664 0.055339
1 0.617676 0.441081 0.094727 0.025391
1 0.532471 0.429688 0.016113 0.031250
4 0.636719 0.384766 0.035156 0.028646
5 0.694336 0.445964 0.064453 0.067708
5 0.553467 0.419271 0.041504 0.093750
11 0.768311 0.424805 0.040527 0.083984
11 0.732422 0.412760 0.035156 0.046875
11 0.659424 0.474284 0.048340 0.048828
9 0.655518 0.416016 0.051270 0.037760
9 0.720215 0.363281 0.040039 0.067708
14 0.706299 0.404622 0.036621 0.037109
13 0.746582 0.466797 0.044922 0.063802
17 0.666504 0.451497 0.358398 0.253255
