8 0.523682 0.573568 0.155762 0.115885
1 0.416504 0.511719 0.073242 0.019531
1 0.430176 0.501628 0.147461 0.012370
1 0.433838 0.541341 0.022949 0.034505
1 0.409424 0.481771 0.090332 0.018229
1 0.421143 0.460612 0.064941 0.031901
1 0.432129 0.443034 0.026367 0.026693
0 0.539307 0.500326 0.081543 0.046224
0 0.552002 0.465495 0.074707 0.037760
0 0.635010 0.506185 0.027832 0.048828
7 0.593750 0.485352 0.047852 0.169922
7 0.522217 0.428060 0.071777 0.065755
7 0.463623 0.468424 0.050293 0.163411
17 0.516113 0.534831 0.347656 0.339193
