8 0.556885 0.563151 0.126465 0.110677
1 0.425049 0.469076 0.083496 0.031901
1 0.416504 0.486003 0.100586 0.021484
1 0.406250 0.501302 0.125000 0.018229
1 0.403809 0.527018 0.111328 0.035807
1 0.425293 0.525391 0.084961 0.032552
1 0.452881 0.560547 0.019043 0.032552
0 0.531006 0.462891 0.057129 0.037760
0 0.547852 0.501628 0.090820 0.035807
0 0.581299 0.470378 0.025879 0.027995
7 0.612305 0.471680 0.045898 0.159505
7 0.486084 0.492839 0.041504 0.177083
7 0.471924 0.424805 0.105957 0.056641
17 0.511963 0.544596 0.345215 0.320964
