8 0.581299 0.567708 0.099121 0.122396
1 0.419922 0.480469 0.107422 0.024740
1 0.419434 0.494466 0.122070 0.011068
1 0.409424 0.517253 0.144043 0.042318
1 0.414551 0.539714 0.118164 0.058594
1 0.428711 0.541667 0.078125 0.040365
1 0.473389 0.556641 0.017090 0.057292
0 0.529541 0.455078 0.023926 0.027344
0 0.577637 0.470052 0.041992 0.032552
0 0.555420 0.505208 0.081543 0.033854
7 0.442383 0.436849 0.088867 0.061198
7 0.498291 0.492188 0.047363 0.179688
7 0.617432 0.458333 0.047363 0.152344
17 0.516846 0.535482 0.358887 0.330078
