4 0.723633 0.415365 0.031250 0.042969
5 0.593506 0.349284 0.032715 0.048828
5 0.597168 0.399089 0.022461 0.067708
11 0.756592 0.446615 0.036621 0.102865
11 0.569336 0.445964 0.060547 0.053385
11 0.543213 0.385417 0.022949 0.057292
9 0.699463 0.406576 0.034668 0.082682
13 0.562256 0.406576 0.041504 0.056641
14 0.669922 0.442383 0.046875 0.061849
10 0.633545 0.373372 0.050293 0.158203
10 0.674561 0.349609 0.043457 0.114583
7 0.764893 0.354167 0.045410 0.093750
17 0.666992 0.434245 0.359375 0.304688
