0 0.570801 0.375326 0.071289 0.030599
0 0.667969 0.422852 0.122070 0.047526
2 0.713135 0.471029 0.067871 0.073568
2 0.735840 0.399740 0.055664 0.059896
1 0.635010 0.337240 0.058105 0.055990
1 0.737549 0.377279 0.072754 0.072266
4 0.753174 0.455404 0.032715 0.035807
5 0.576172 0.390625 0.041992 0.062500
5 0.603760 0.354167 0.012207 0.083333
11 0.619385 0.354818 0.021973 0.084635
11 0.626465 0.448893 0.031250 0.086589
9 0.666260 0.358398 0.025879 0.076172
9 0.648438 0.380208 0.028320 0.070312
13 0.572510 0.443685 0.041504 0.044922
14 0.652100 0.444010 0.025879 0.049479
17 0.673340 0.437174 0.379883 0.277995
