0 0.742432 0.454102 0.116699 0.027995
0 0.598633 0.376628 0.024414 0.024089
2 0.569092 0.401693 0.057129 0.067708
2 0.635010 0.456055 0.065918 0.068359
1 0.711670 0.470378 0.057129 0.081380
1 0.695801 0.493490 0.159180 0.023438
4 0.567383 0.438477 0.051758 0.043620
5 0.699463 0.391602 0.052246 0.055339
5 0.769043 0.456706 0.031250 0.097005
11 0.640381 0.354167 0.036621 0.054688
11 0.607422 0.394206 0.038086 0.052734
11 0.734131 0.420247 0.032715 0.042318
9 0.667725 0.424479 0.032715 0.050781
9 0.567383 0.350911 0.029297 0.046875
14 0.657715 0.384440 0.040039 0.044922
17 0.672607 0.448568 0.364746 0.273438
