5 0.676758 0.437826 0.044922 0.074870
5 0.604004 0.448242 0.038086 0.083984
11 0.701172 0.376302 0.046875 0.029948
11 0.701172 0.471680 0.035156 0.072266
11 0.755127 0.471029 0.041504 0.055339
9 0.571045 0.418294 0.032715 0.081380
9 0.650391 0.394531 0.024414 0.091146
13 0.753174 0.433594 0.045410 0.054688
14 0.690674 0.391276 0.032715 0.046875
10 0.732422 0.409505 0.053711 0.084635
10 0.586670 0.401367 0.095215 0.050130
7 0.607178 0.364583 0.072754 0.062500
17 0.669189 0.453125 0.363770 0.260417
