2 0.596924 0.431315 0.057129 0.065755
1 0.619629 0.484701 0.123047 0.074870
5 0.701172 0.471680 0.041992 0.103516
5 0.714844 0.410482 0.046875 0.059245
11 0.649170 0.328451 0.027832 0.035807
11 0.697754 0.354492 0.029297 0.044922
11 0.748047 0.447917 0.041992 0.052083
9 0.617188 0.380208 0.017578 0.062500
9 0.666504 0.398438 0.017578 0.078125
13 0.744629 0.395833 0.029297 0.048177
14 0.683838 0.398438 0.020996 0.055990
10 0.641846 0.396484 0.036621 0.161458
10 0.555176 0.362956 0.059570 0.159505
7 0.608887 0.333659 0.044922 0.137370
17 0.669434 0.421224 0.369141 0.325521
