2 0.609131 0.400391 0.020996 0.053385
1 0.542725 0.439779 0.028809 0.051432
4 0.619141 0.385091 0.019531 0.035807
5 0.700684 0.439128 0.056641 0.065755
5 0.568848 0.432617 0.036133 0.080078
11 0.742920 0.368490 0.036621 0.091146
11 0.761963 0.401042 0.043457 0.067708
11 0.678223 0.472331 0.052734 0.048828
9 0.635254 0.386393 0.017578 0.083984
9 0.659424 0.399089 0.032715 0.091146
13 0.756836 0.454753 0.048828 0.050130
14 0.708008 0.407878 0.029297 0.033203
10 0.598877 0.318359 0.034668 0.105469
10 0.588135 0.370443 0.032715 0.148438
7 0.697754 0.339518 0.041992 0.124349
17 0.672119 0.418294 0.366699 0.331380
