8 0.654297 0.502604 0.071289 0.088542
1 0.609131 0.417643 0.074707 0.089193
1 0.471924 0.504883 0.093262 0.016276
1 0.490967 0.492188 0.047363 0.027344
1 0.470215 0.484701 0.062500 0.042318
1 0.489502 0.539714 0.130371 0.035156
1 0.501465 0.595378 0.026367 0.117839
0 0.448975 0.502604 0.077637 0.058594
0 0.472168 0.469076 0.100586 0.029297
0 0.527588 0.496745 0.027832 0.067708
7 0.599121 0.487956 0.044922 0.163411
7 0.563965 0.460938 0.036133 0.101562
7 0.447510 0.551432 0.076660 0.113281
17 0.518066 0.510091 0.357422 0.301432
