4 0.615967 0.383464 0.025879 0.032552
5 0.643555 0.437826 0.051758 0.073568
5 0.558838 0.409505 0.029785 0.087240
11 0.619141 0.465495 0.030273 0.074219
11 0.706543 0.486654 0.069336 0.051432
11 0.742920 0.375000 0.034668 0.093750
9 0.560303 0.363281 0.028809 0.040365
13 0.695801 0.454753 0.044922 0.059245
14 0.716553 0.418620 0.020996 0.050781
10 0.688477 0.375326 0.042969 0.141276
10 0.645752 0.344076 0.041504 0.110026
7 0.696289 0.311523 0.038086 0.068359
17 0.662842 0.420573 0.357910 0.315104
