8 0.443604 0.525391 0.134277 0.105469
1 0.459717 0.361003 0.112793 0.057943
1 0.494629 0.454102 0.046875 0.038411
1 0.520508 0.437826 0.053711 0.098307
1 0.560059 0.469076 0.017578 0.128255
1 0.588379 0.511393 0.098633 0.039714
1 0.579590 0.513021 0.024414 0.061198
0 0.615967 0.542969 0.059082 0.035156
0 0.604004 0.499349 0.100586 0.048177
0 0.547852 0.518229 0.077148 0.096354
7 0.533936 0.549154 0.089355 0.123047
7 0.452881 0.421549 0.036621 0.136068
7 0.544678 0.448568 0.103027 0.066406
17 0.514893 0.507812 0.360840 0.361979
