8 0.501221 0.432292 0.076660 0.074219
1 0.524170 0.552083 0.083496 0.057292
1 0.505127 0.557292 0.065918 0.049479
1 0.567627 0.528320 0.137207 0.022786
1 0.630127 0.525716 0.135254 0.033203
1 0.621338 0.505208 0.112793 0.024740
1 0.579590 0.349284 0.114258 0.034505
0 0.499268 0.511068 0.129395 0.042969
0 0.466797 0.564128 0.038086 0.090495
0 0.527588 0.570964 0.067871 0.076823
7 0.468506 0.473633 0.119629 0.072266
7 0.574219 0.418620 0.041016 0.152344
7 0.619385 0.552083 0.100098 0.093750
17 0.523438 0.493490 0.368164 0.348958
