5 0.568604 0.379232 0.033691 0.068359
5 0.610352 0.409180 0.037109 0.068359
11 0.548340 0.415365 0.031250 0.076823
11 0.605713 0.471680 0.063965 0.043620
11 0.775635 0.417318 0.033691 0.100260
9 0.600342 0.347982 0.034668 0.057943
9 0.696045 0.386719 0.034668 0.061198
13 0.587891 0.430990 0.032227 0.049479
14 0.692627 0.443034 0.043457 0.063151
10 0.669678 0.324219 0.023926 0.078125
10 0.652344 0.386393 0.053711 0.160807
7 0.749756 0.368490 0.039551 0.152344
17 0.670166 0.430013 0.356934 0.307943
