0 0.681885 0.423503 0.105957 0.042318
0 0.740479 0.369792 0.066895 0.036458
2 0.715088 0.399740 0.052246 0.048177
2 0.600098 0.358724 0.056641 0.032552
1 0.600342 0.381185 0.145996 0.043620
1 0.593506 0.353841 0.105957 0.029297
4 0.666260 0.387044 0.027832 0.029297
5 0.676758 0.454427 0.055664 0.075521
5 0.562500 0.424154 0.031250 0.082682
11 0.607422 0.406576 0.027344 0.093099
11 0.617920 0.471680 0.045410 0.057943
11 0.765137 0.417318 0.044922 0.071615
9 0.579834 0.389648 0.025879 0.074870
9 0.636963 0.405273 0.016113 0.072266
14 0.709473 0.424805 0.031250 0.043620
13 0.753174 0.466797 0.043457 0.049479
17 0.671631 0.451497 0.370605 0.264974
