0 0.576172 0.362305 0.048828 0.077474
0 0.694092 0.355469 0.041504 0.039062
2 0.569336 0.419271 0.060547 0.050781
2 0.674805 0.460938 0.064453 0.065104
1 0.737793 0.369792 0.156250 0.036458
1 0.682129 0.444336 0.149414 0.033203
4 0.593262 0.450195 0.051758 0.050130
5 0.779297 0.426107 0.036133 0.080078
5 0.681885 0.378255 0.025879 0.061198
11 0.593262 0.361328 0.032227 0.061198
11 0.737061 0.372396 0.029785 0.050781
9 0.700928 0.411458 0.038574 0.074219
9 0.742676 0.431966 0.043945 0.076172
14 0.627930 0.396159 0.034180 0.044922
13 0.635010 0.365885 0.034668 0.028646
17 0.667725 0.455729 0.357910 0.261719
