8 0.487793 0.430013 0.071289 0.077474
1 0.563965 0.347656 0.100586 0.036458
1 0.615967 0.493490 0.123535 0.024740
1 0.587891 0.529622 0.048828 0.017578
1 0.572754 0.528971 0.151367 0.017578
1 0.518799 0.559896 0.045410 0.065104
1 0.534424 0.552083 0.094238 0.037760
0 0.548340 0.570964 0.048828 0.097656
0 0.482422 0.568034 0.064453 0.089193
0 0.499756 0.514648 0.123535 0.046224
7 0.624512 0.536784 0.073242 0.094401
7 0.457764 0.484701 0.127441 0.052734
7 0.563965 0.414388 0.036133 0.155599
17 0.524170 0.512695 0.368652 0.383464
