0 0.577881 0.363607 0.048340 0.074870
0 0.687012 0.361654 0.018555 0.052734
2 0.566895 0.424805 0.055664 0.054036
2 0.609131 0.456706 0.055176 0.061849
1 0.700928 0.463542 0.135254 0.036458
1 0.624512 0.422201 0.040039 0.026693
5 0.685547 0.377279 0.040039 0.057943
5 0.777344 0.418620 0.040039 0.083333
11 0.733887 0.402018 0.031250 0.103516
11 0.751465 0.414714 0.020508 0.040365
11 0.590088 0.359701 0.036621 0.061849
9 0.680664 0.416341 0.029297 0.080078
9 0.704346 0.447917 0.036621 0.089844
17 0.668701 0.457357 0.359863 0.267578
