2 0.617920 0.390951 0.041504 0.063151
1 0.546631 0.416667 0.061035 0.036458
5 0.544922 0.408529 0.035156 0.089193
5 0.680420 0.447266 0.057129 0.067708
11 0.642090 0.463216 0.046875 0.042318
11 0.766602 0.370443 0.031250 0.054688
11 0.763672 0.431641 0.041992 0.076823
9 0.656006 0.369466 0.039551 0.060547
9 0.659424 0.392578 0.032715 0.074219
13 0.733643 0.468750 0.050293 0.046875
14 0.711426 0.430339 0.024414 0.041667
10 0.589844 0.361328 0.033203 0.158854
10 0.624756 0.320964 0.038574 0.139323
7 0.727295 0.349284 0.043457 0.142578
17 0.668213 0.412435 0.360840 0.331380
