4 0.695801 0.392253 0.017578 0.043620
5 0.572266 0.448568 0.049805 0.055990
5 0.756348 0.454753 0.059570 0.074870
11 0.560547 0.370117 0.033203 0.073568
11 0.615967 0.439453 0.044434 0.049479
11 0.772217 0.393229 0.041504 0.072917
9 0.600342 0.390951 0.037598 0.077474
9 0.645508 0.401042 0.038086 0.097656
13 0.675049 0.481771 0.041504 0.050781
14 0.730469 0.483724 0.046875 0.061198
10 0.624512 0.378581 0.029297 0.059245
7 0.674561 0.385417 0.043457 0.145833
17 0.666016 0.442708 0.375000 0.278646
