0 0.749756 0.401693 0.074707 0.048177
0 0.636963 0.422201 0.050293 0.046224
2 0.577637 0.424154 0.060547 0.061849
2 0.583008 0.375326 0.055664 0.052734
1 0.581055 0.410807 0.092773 0.061198
1 0.666504 0.472005 0.024414 0.071615
5 0.702881 0.470378 0.034668 0.090495
5 0.748047 0.429688 0.041992 0.072917
11 0.748047 0.472656 0.046875 0.046875
11 0.697510 0.357422 0.027832 0.044271
11 0.702881 0.430339 0.029785 0.102865
9 0.669922 0.426758 0.036133 0.059245
9 0.605713 0.360677 0.034668 0.075521
13 0.737061 0.391602 0.032715 0.025391
14 0.677002 0.385091 0.024902 0.034505
17 0.669189 0.445964 0.371582 0.264323
