0 0.579102 0.378581 0.050781 0.038411
0 0.679932 0.444661 0.019043 0.078125
2 0.708008 0.381510 0.048828 0.062500
2 0.758057 0.415365 0.065918 0.062500
1 0.709717 0.362305 0.121582 0.041016
5 0.588379 0.347982 0.024414 0.063151
5 0.579834 0.407878 0.043457 0.065755
11 0.548584 0.392253 0.019043 0.027995
11 0.610352 0.362630 0.028320 0.102865
11 0.654297 0.454102 0.036133 0.099609
9 0.756348 0.443359 0.048828 0.092448
9 0.638672 0.409831 0.035156 0.054036
14 0.633301 0.434896 0.017578 0.042969
13 0.598145 0.464193 0.052734 0.061198
17 0.666748 0.445964 0.368652 0.270833
