8 0.533936 0.432943 0.075684 0.071615
1 0.487793 0.548503 0.084961 0.038411
1 0.502930 0.549154 0.063477 0.061849
1 0.546631 0.527669 0.116699 0.039714
1 0.611084 0.520833 0.074707 0.044271
1 0.685547 0.550130 0.046875 0.031250
1 0.602051 0.363281 0.145508 0.023438
0 0.504883 0.505859 0.125000 0.027344
0 0.449463 0.542643 0.025879 0.094401
0 0.498047 0.564453 0.100586 0.065104
7 0.595215 0.568034 0.128906 0.081380
7 0.478760 0.461589 0.114746 0.062500
7 0.588379 0.427083 0.044922 0.151042
17 0.531494 0.507161 0.384277 0.343750
