0 0.748047 0.401693 0.041992 0.037760
0 0.624756 0.400716 0.027832 0.050130
2 0.708008 0.391276 0.046875 0.062500
2 0.763672 0.439779 0.036133 0.051432
1 0.696045 0.394857 0.048340 0.113932
1 0.682129 0.414062 0.044922 0.031250
5 0.550049 0.383138 0.032715 0.077474
5 0.623047 0.432943 0.044922 0.079427
11 0.563965 0.440430 0.048828 0.047526
11 0.591309 0.380534 0.036133 0.113932
11 0.734131 0.453451 0.054199 0.082682
9 0.630371 0.354167 0.023438 0.069010
9 0.648438 0.381510 0.026367 0.074219
17 0.669922 0.440755 0.364258 0.282552
