4 0.621094 0.469076 0.053711 0.050130
5 0.709961 0.404948 0.040039 0.079427
5 0.770508 0.439779 0.033203 0.089193
11 0.557129 0.393555 0.033203 0.046224
11 0.685547 0.383464 0.017578 0.041667
11 0.763672 0.387370 0.029297 0.033854
9 0.666504 0.394531 0.041992 0.074219
9 0.734131 0.446940 0.041504 0.090495
13 0.716309 0.362956 0.028320 0.039714
14 0.617920 0.392253 0.036621 0.050130
10 0.605225 0.367188 0.067871 0.048177
10 0.672852 0.457682 0.084961 0.087240
7 0.574463 0.427734 0.048340 0.082031
17 0.667480 0.460612 0.356445 0.253255
