0 0.553467 0.395508 0.041504 0.027995
0 0.725586 0.447266 0.031250 0.023438
2 0.687012 0.390951 0.050781 0.069661
2 0.753174 0.409505 0.067871 0.076823
1 0.633301 0.378906 0.066406 0.026042
1 0.619629 0.392253 0.031250 0.034505
5 0.590088 0.361654 0.027832 0.067057
5 0.605713 0.425456 0.054199 0.067057
11 0.569336 0.425781 0.031250 0.050781
11 0.660645 0.457357 0.037109 0.090495
11 0.704590 0.464518 0.044922 0.073568
9 0.760254 0.442383 0.038086 0.080078
9 0.654297 0.402669 0.033203 0.043620
14 0.635254 0.432617 0.024414 0.048828
13 0.600342 0.459635 0.037598 0.052083
17 0.669922 0.451497 0.375977 0.264974
