4 0.727051 0.472331 0.033203 0.046224
5 0.650635 0.384766 0.019043 0.071615
5 0.734375 0.383464 0.031250 0.078125
11 0.671631 0.344727 0.029785 0.029297
11 0.567383 0.455404 0.069336 0.057943
11 0.600586 0.368164 0.046875 0.031901
9 0.763672 0.385091 0.038086 0.061849
9 0.669922 0.401367 0.035156 0.076172
13 0.617676 0.352865 0.035156 0.044271
14 0.605469 0.412435 0.040039 0.048828
10 0.723877 0.433919 0.126465 0.051432
10 0.566895 0.400716 0.096680 0.063151
7 0.656494 0.465169 0.105957 0.083984
17 0.666260 0.454427 0.360840 0.269531
