4 0.591797 0.448242 0.048828 0.041016
5 0.748047 0.453451 0.042969 0.094401
5 0.714844 0.409831 0.041992 0.069661
11 0.782471 0.429688 0.028809 0.065104
11 0.749512 0.408529 0.024414 0.030599
11 0.586426 0.375326 0.051758 0.030599
9 0.657715 0.403646 0.031250 0.082031
9 0.697754 0.456055 0.044922 0.103516
13 0.749756 0.385417 0.039551 0.062500
14 0.626465 0.390951 0.024414 0.047526
10 0.642090 0.458008 0.071289 0.099609
10 0.650879 0.375326 0.076172 0.065755
7 0.568848 0.407878 0.073242 0.072266
17 0.667236 0.455078 0.359863 0.253906
