4 0.581055 0.385742 0.051758 0.027995
5 0.730713 0.377279 0.025879 0.065755
5 0.735840 0.469401 0.060547 0.063802
11 0.604004 0.449870 0.036133 0.091146
11 0.699463 0.452474 0.036621 0.045573
11 0.687012 0.352865 0.013672 0.080729
9 0.654297 0.395182 0.040039 0.088542
9 0.664551 0.430339 0.040039 0.097656
13 0.770508 0.430990 0.034180 0.044271
14 0.761963 0.396484 0.043457 0.052083
10 0.593506 0.423828 0.092285 0.059896
7 0.706543 0.365885 0.046875 0.130208
17 0.668457 0.441406 0.362305 0.279948
