8 0.593506 0.457031 0.105957 0.089844
1 0.544922 0.598633 0.041992 0.136068
1 0.562256 0.596029 0.092285 0.116536
1 0.593750 0.596029 0.140625 0.087891
1 0.611084 0.567057 0.090332 0.044271
1 0.609131 0.572917 0.145996 0.065104
1 0.594727 0.536133 0.097656 0.025391
0 0.425293 0.488607 0.046875 0.073568
0 0.510254 0.498372 0.090820 0.060547
0 0.474854 0.543620 0.077637 0.036458
7 0.522461 0.399740 0.033203 0.153646
7 0.610596 0.448893 0.058105 0.163411
7 0.456299 0.591797 0.107910 0.121094
17 0.520020 0.511068 0.369141 0.384115
