0 0.708008 0.353516 0.093750 0.019531
0 0.730225 0.424154 0.119629 0.033203
2 0.669922 0.378255 0.041992 0.059896
2 0.567139 0.393555 0.050293 0.060547
1 0.563965 0.379557 0.057617 0.058594
1 0.624756 0.408529 0.041504 0.067057
5 0.725342 0.445964 0.052246 0.076823
5 0.619629 0.458659 0.038086 0.080078
11 0.742432 0.383464 0.037598 0.063802
11 0.652588 0.430339 0.032715 0.108073
11 0.685059 0.484701 0.036133 0.056641
9 0.597168 0.424154 0.024414 0.082682
9 0.633301 0.396484 0.024414 0.041667
17 0.666992 0.447591 0.365234 0.281901
13 0.763428 0.433919 0.039551 0.044922
14 0.699707 0.409831 0.039062 0.047526
