8 0.424561 0.472656 0.104980 0.111979
1 0.572266 0.450195 0.124023 0.068359
1 0.563965 0.465820 0.017578 0.087891
1 0.588379 0.489909 0.107422 0.095703
1 0.585938 0.552083 0.050781 0.070312
1 0.571045 0.537760 0.081543 0.041667
1 0.494629 0.346680 0.033203 0.072266
0 0.531006 0.527344 0.045410 0.118490
0 0.579590 0.572266 0.100586 0.040365
0 0.610840 0.539714 0.064453 0.079427
7 0.609131 0.476562 0.077637 0.093750
7 0.473877 0.525716 0.067871 0.121745
7 0.490967 0.406901 0.045410 0.139323
17 0.517578 0.499023 0.360352 0.397786
