0 0.718262 0.416341 0.089844 0.029297
0 0.587891 0.393555 0.032227 0.037109
2 0.701172 0.378255 0.051758 0.063802
2 0.744629 0.455404 0.062500 0.073568
1 0.610840 0.340820 0.111328 0.051432
1 0.701172 0.361654 0.111328 0.044922
5 0.573975 0.357096 0.028809 0.057943
5 0.583008 0.421224 0.048828 0.079427
11 0.548340 0.409180 0.029297 0.041016
11 0.593506 0.356445 0.027832 0.074870
11 0.685303 0.457031 0.040527 0.089844
9 0.622803 0.361003 0.020996 0.080078
9 0.636719 0.391276 0.033203 0.078125
14 0.653076 0.440755 0.028809 0.048177
13 0.619385 0.472331 0.040527 0.067057
17 0.667969 0.441732 0.366211 0.272786
