8 0.546387 0.449219 0.071289 0.102865
1 0.593506 0.512370 0.059082 0.052083
1 0.623047 0.536458 0.109375 0.014323
1 0.624756 0.545247 0.148926 0.024089
1 0.595215 0.588216 0.114258 0.113932
1 0.609375 0.576497 0.140625 0.078776
1 0.623047 0.563477 0.156250 0.038411
0 0.499756 0.507161 0.116699 0.033854
0 0.480713 0.558919 0.112793 0.054036
0 0.421387 0.521484 0.027344 0.082031
7 0.492920 0.409831 0.043457 0.145182
7 0.596924 0.429688 0.045410 0.141927
7 0.527832 0.603841 0.141602 0.106120
17 0.526123 0.517253 0.370605 0.366536
