4 0.721924 0.469076 0.032715 0.046224
5 0.584717 0.360352 0.041504 0.044922
5 0.617920 0.354818 0.027832 0.069010
11 0.563477 0.447266 0.067383 0.063802
11 0.579590 0.405599 0.053711 0.063802
11 0.671631 0.346354 0.025879 0.035156
9 0.694336 0.378906 0.033203 0.074219
9 0.668213 0.387695 0.034668 0.065755
13 0.621094 0.394206 0.017578 0.038411
14 0.610596 0.427083 0.036621 0.037760
10 0.727295 0.436523 0.104004 0.056641
7 0.668457 0.455078 0.080078 0.092448
17 0.666748 0.449870 0.365723 0.268229
