4 0.572754 0.432292 0.053711 0.041667
5 0.708008 0.424805 0.048828 0.076172
5 0.704346 0.465495 0.040527 0.088542
11 0.619385 0.371094 0.035645 0.033854
11 0.753174 0.426107 0.034668 0.046224
11 0.775879 0.445964 0.040039 0.063802
9 0.652588 0.456380 0.039551 0.100260
9 0.654297 0.391602 0.024414 0.076172
13 0.769043 0.393880 0.038086 0.045573
14 0.636719 0.389974 0.015625 0.046875
10 0.692383 0.376628 0.044922 0.052734
10 0.615967 0.440430 0.034668 0.097005
7 0.584473 0.392253 0.083008 0.056641
17 0.667725 0.460286 0.374512 0.252604
