0 0.569092 0.446615 0.070801 0.055990
0 0.721924 0.397461 0.032715 0.033203
2 0.623047 0.386068 0.048828 0.054688
2 0.715088 0.375977 0.048340 0.069661
1 0.579834 0.395508 0.050293 0.017578
1 0.595215 0.424805 0.083008 0.037109
4 0.674805 0.392253 0.026367 0.030599
5 0.662842 0.442708 0.059082 0.062500
5 0.544922 0.391602 0.033203 0.082682
11 0.612549 0.462240 0.041504 0.044271
11 0.723877 0.430990 0.027832 0.044271
11 0.753418 0.441406 0.040039 0.089844
9 0.752930 0.380859 0.044922 0.053385
9 0.655762 0.409831 0.053711 0.039714
14 0.699219 0.427734 0.033203 0.055990
13 0.701172 0.477865 0.036133 0.055990
17 0.671387 0.457682 0.357422 0.247396
