2 0.579590 0.426107 0.038086 0.064453
1 0.583252 0.472331 0.072754 0.083984
5 0.721924 0.417318 0.043457 0.065104
5 0.654053 0.468750 0.032715 0.093750
11 0.681885 0.353516 0.029785 0.083333
11 0.727051 0.367188 0.033203 0.048177
11 0.731934 0.465495 0.059570 0.041667
9 0.659424 0.391602 0.034668 0.068359
9 0.638428 0.393555 0.014160 0.083984
13 0.761963 0.414714 0.029785 0.048177
14 0.696045 0.410807 0.034668 0.063802
10 0.555420 0.348307 0.048340 0.135417
10 0.614258 0.387044 0.033203 0.162109
7 0.641846 0.314128 0.039551 0.097005
17 0.669189 0.418945 0.360840 0.322266
