8 0.468506 0.555339 0.148926 0.113281
1 0.573975 0.494141 0.022949 0.080729
1 0.588135 0.497396 0.090332 0.027344
1 0.541504 0.455404 0.038086 0.112630
1 0.459717 0.458984 0.099121 0.053385
1 0.489258 0.443685 0.029297 0.110026
1 0.449219 0.375326 0.140625 0.043620
0 0.584961 0.481120 0.100586 0.027344
0 0.527588 0.493490 0.045410 0.037760
0 0.617676 0.514648 0.041016 0.048828
7 0.563721 0.555990 0.110840 0.111979
7 0.454834 0.438477 0.036621 0.151693
7 0.515625 0.443685 0.099609 0.059245
17 0.520020 0.525716 0.363281 0.371745
