0 0.706299 0.494141 0.074707 0.052083
0 0.652100 0.377279 0.061035 0.026693
2 0.588379 0.422852 0.051758 0.069661
2 0.605469 0.369141 0.045898 0.066406
1 0.643799 0.466146 0.095215 0.072917
1 0.586426 0.471029 0.078125 0.068359
4 0.572266 0.385742 0.025391 0.018880
5 0.729004 0.422201 0.048828 0.061849
5 0.652588 0.462240 0.039551 0.091146
11 0.669434 0.382161 0.048828 0.031250
11 0.731934 0.463542 0.059570 0.036458
11 0.729004 0.369141 0.029297 0.045573
9 0.640137 0.347656 0.033203 0.071615
9 0.654297 0.411784 0.048828 0.033203
14 0.690918 0.400391 0.038086 0.058594
13 0.762451 0.420247 0.041504 0.059245
17 0.668701 0.444336 0.367676 0.288411
