2 0.692383 0.460938 0.051758 0.066406
1 0.744629 0.484701 0.120117 0.046224
4 0.600586 0.462565 0.044922 0.043620
5 0.682129 0.369141 0.020508 0.042969
5 0.782715 0.424154 0.034180 0.086589
11 0.598389 0.363607 0.029785 0.073568
11 0.550049 0.369141 0.017090 0.096354
11 0.702637 0.401693 0.028320 0.041667
14 0.621338 0.395508 0.029785 0.050130
13 0.631836 0.365234 0.024414 0.035156
10 0.656006 0.420247 0.052246 0.179036
10 0.735840 0.394206 0.035156 0.156901
7 0.570557 0.372070 0.037598 0.171224
17 0.672607 0.429036 0.359863 0.312500
