4 0.749756 0.453451 0.032715 0.046224
5 0.600586 0.401042 0.044922 0.054688
5 0.636719 0.353516 0.032227 0.074219
11 0.603516 0.439128 0.026367 0.090495
11 0.570801 0.398438 0.024414 0.031250
11 0.662842 0.454102 0.036621 0.107422
9 0.693604 0.399740 0.019043 0.071615
9 0.661133 0.387044 0.035156 0.067057
14 0.631592 0.434570 0.036621 0.086589
13 0.562256 0.430339 0.038574 0.052083
10 0.688965 0.308594 0.034180 0.071615
10 0.772217 0.380208 0.052246 0.161458
7 0.718262 0.415690 0.041016 0.171224
17 0.674316 0.420247 0.375977 0.313151
