0 0.666260 0.430339 0.105957 0.037760
2 0.682129 0.372396 0.055664 0.059896
2 0.607422 0.367188 0.051758 0.046875
1 0.600342 0.439128 0.072754 0.027995
1 0.591797 0.353841 0.074219 0.042318
4 0.645508 0.384115 0.033203 0.033854
5 0.550049 0.415365 0.036621 0.089844
5 0.659424 0.453451 0.052246 0.077474
11 0.598877 0.397461 0.036621 0.108724
11 0.598877 0.465169 0.050293 0.050130
11 0.763184 0.430339 0.038086 0.092448
9 0.730469 0.377930 0.035156 0.085286
9 0.657227 0.418945 0.057617 0.047526
13 0.740723 0.465820 0.037109 0.052734
14 0.706787 0.428385 0.029785 0.059896
17 0.669922 0.452474 0.364258 0.261719
