4 0.694092 0.480469 0.041504 0.046875
5 0.690918 0.392253 0.031250 0.074870
5 0.749756 0.401042 0.020996 0.075521
11 0.553467 0.432292 0.050293 0.055990
11 0.641846 0.384115 0.020996 0.044271
11 0.709717 0.371419 0.027832 0.060547
9 0.664551 0.402018 0.037109 0.074870
9 0.770752 0.418294 0.036621 0.081380
13 0.645508 0.352214 0.038086 0.048177
14 0.598877 0.402018 0.034668 0.044922
10 0.574463 0.391602 0.104004 0.059245
10 0.718018 0.442057 0.119629 0.053385
7 0.623047 0.458984 0.091797 0.100260
17 0.669922 0.449544 0.373047 0.277995
