4 0.563965 0.416016 0.038086 0.035156
5 0.763672 0.462240 0.046875 0.065104
5 0.675293 0.362956 0.015625 0.043620
11 0.654297 0.340169 0.026367 0.074870
11 0.725586 0.444010 0.033203 0.046875
11 0.662842 0.469076 0.043457 0.090495
9 0.657715 0.393880 0.031250 0.057292
9 0.698975 0.430339 0.037598 0.098958
13 0.744385 0.401693 0.034668 0.055990
14 0.723389 0.392253 0.032715 0.054036
10 0.600342 0.442383 0.090332 0.064453
7 0.695801 0.336589 0.040039 0.100260
17 0.666748 0.432617 0.368652 0.298828
