0 0.746338 0.392253 0.041504 0.043620
0 0.629639 0.416992 0.063965 0.042318
2 0.652100 0.369792 0.039551 0.054688
2 0.749512 0.424805 0.057617 0.052734
1 0.650879 0.353516 0.093750 0.020833
1 0.586426 0.355143 0.147461 0.014974
4 0.701172 0.401693 0.038086 0.040365
5 0.546387 0.391602 0.041992 0.076172
5 0.624268 0.440104 0.054199 0.079427
11 0.746094 0.449870 0.046875 0.083333
11 0.572510 0.449219 0.050293 0.046875
11 0.586426 0.387044 0.024414 0.085286
9 0.623047 0.380208 0.031250 0.058594
13 0.702881 0.478516 0.043457 0.058594
14 0.697754 0.435872 0.041992 0.056641
17 0.672607 0.452474 0.367676 0.259115
