4 0.659668 0.477865 0.046875 0.048177
5 0.779297 0.415365 0.029297 0.080729
5 0.699463 0.394857 0.032715 0.063151
11 0.734131 0.383464 0.025879 0.061198
11 0.550049 0.409180 0.034668 0.056641
11 0.650635 0.375326 0.012207 0.031901
9 0.668213 0.393880 0.038574 0.065104
9 0.763672 0.436849 0.038086 0.093750
13 0.674805 0.348958 0.038086 0.028646
14 0.610352 0.401693 0.036133 0.055990
10 0.700684 0.456706 0.108398 0.076172
10 0.592041 0.384115 0.110840 0.065104
7 0.596924 0.445964 0.067871 0.091146
17 0.670166 0.447266 0.370605 0.269531
