0 0.652100 0.483073 0.071777 0.078125
0 0.685303 0.383464 0.064941 0.019531
2 0.636719 0.361003 0.053711 0.059245
2 0.581055 0.400391 0.051758 0.050781
1 0.560303 0.440430 0.018066 0.072266
1 0.617920 0.458008 0.139160 0.026693
4 0.612549 0.391276 0.020996 0.032552
5 0.598145 0.448242 0.039062 0.087891
5 0.720215 0.432292 0.057617 0.067708
11 0.708008 0.474935 0.053711 0.047526
11 0.756348 0.394206 0.035156 0.052734
11 0.699463 0.392904 0.054199 0.026693
9 0.681641 0.350260 0.035156 0.072917
9 0.656006 0.413737 0.061035 0.047526
14 0.699463 0.408529 0.032715 0.042318
13 0.772705 0.452799 0.039551 0.061849
17 0.670410 0.443034 0.363281 0.276693
