8 0.452881 0.449219 0.101074 0.065104
1 0.558838 0.551758 0.105957 0.026693
1 0.561768 0.563151 0.012207 0.093750
1 0.584717 0.510417 0.135254 0.070312
1 0.598145 0.492839 0.023438 0.036458
1 0.614014 0.469727 0.139160 0.039714
1 0.523438 0.348307 0.052734 0.067708
0 0.513672 0.522135 0.097656 0.089844
0 0.534180 0.579753 0.091797 0.059245
0 0.586670 0.558594 0.036621 0.111979
7 0.517578 0.406576 0.050781 0.150391
7 0.456299 0.512044 0.121582 0.076172
7 0.633057 0.501628 0.050293 0.115234
17 0.519531 0.507487 0.362305 0.397786
