0 0.739258 0.407878 0.028320 0.043620
0 0.565674 0.424154 0.092285 0.041016
2 0.735596 0.382161 0.055176 0.062500
2 0.653809 0.376302 0.050781 0.044271
1 0.602051 0.387370 0.062500 0.011719
1 0.588135 0.401042 0.021973 0.026042
5 0.556885 0.369466 0.027832 0.073568
5 0.629883 0.438477 0.056641 0.057943
11 0.749268 0.462891 0.034668 0.041667
11 0.713379 0.458659 0.048828 0.097005
11 0.588379 0.448242 0.029297 0.056641
9 0.656006 0.409180 0.048340 0.038411
9 0.765381 0.410156 0.034668 0.087240
14 0.675049 0.435221 0.036621 0.057943
13 0.650879 0.474609 0.044922 0.054688
17 0.676270 0.453125 0.374023 0.253906
