4 0.567627 0.424154 0.041504 0.035807
5 0.711670 0.432943 0.041504 0.083333
5 0.688965 0.464844 0.041992 0.088542
11 0.770508 0.462240 0.037109 0.075521
11 0.744629 0.423503 0.022461 0.059245
11 0.619629 0.347005 0.024414 0.084635
9 0.635254 0.453451 0.046875 0.098307
9 0.621338 0.385742 0.023926 0.074870
13 0.765137 0.402018 0.041992 0.043620
14 0.671875 0.392904 0.015625 0.057943
10 0.648438 0.354492 0.034180 0.111328
10 0.704346 0.347656 0.057129 0.121094
7 0.591553 0.335938 0.033691 0.134115
17 0.666748 0.427734 0.360840 0.321615
