0 0.589600 0.406576 0.032715 0.056641
2 0.682129 0.377279 0.055664 0.065755
2 0.742676 0.401042 0.043945 0.069010
1 0.680420 0.361003 0.128418 0.025391
1 0.625977 0.422526 0.030273 0.046875
5 0.569336 0.364258 0.029297 0.076172
5 0.586182 0.418294 0.044434 0.074870
11 0.694092 0.462240 0.041504 0.100260
11 0.550049 0.412109 0.036621 0.042969
11 0.596924 0.354818 0.027832 0.067708
9 0.640381 0.406576 0.034668 0.037109
9 0.773926 0.428060 0.038086 0.093099
14 0.660889 0.442383 0.029785 0.050130
13 0.629395 0.471029 0.037109 0.068359
17 0.671631 0.449870 0.356934 0.270833
