2 0.737061 0.408529 0.019043 0.042318
4 0.751221 0.456055 0.048340 0.037109
5 0.598877 0.396159 0.041504 0.044922
5 0.645020 0.353516 0.024414 0.083333
11 0.655762 0.449544 0.040039 0.115234
11 0.596680 0.440430 0.029297 0.087891
11 0.569092 0.391602 0.020996 0.044922
9 0.661377 0.383464 0.034668 0.052083
9 0.690430 0.402669 0.020508 0.089193
13 0.563721 0.425456 0.038574 0.048828
14 0.625000 0.431641 0.031250 0.053385
10 0.770752 0.379557 0.057129 0.158854
10 0.694092 0.314128 0.036621 0.100911
7 0.714600 0.416016 0.044434 0.157552
17 0.670654 0.423177 0.366699 0.324219
