4 0.617920 0.471680 0.067871 0.052734
5 0.586670 0.375000 0.025879 0.046875
5 0.701172 0.376628 0.017578 0.024089
11 0.562500 0.368815 0.031250 0.107422
11 0.690674 0.406576 0.022949 0.042318
11 0.773926 0.434896 0.046875 0.083333
9 0.666260 0.394531 0.034668 0.087240
9 0.719971 0.393880 0.028809 0.072917
13 0.622559 0.370443 0.014648 0.037760
14 0.600098 0.369141 0.024414 0.049479
10 0.721924 0.451497 0.079590 0.074870
7 0.646729 0.346029 0.036621 0.129557
17 0.664795 0.427734 0.359863 0.307292
