4 0.749512 0.423503 0.033203 0.034505
5 0.548340 0.401693 0.033203 0.069010
5 0.677002 0.471029 0.065918 0.082682
11 0.595215 0.417969 0.044922 0.052083
11 0.614258 0.333659 0.022461 0.035807
11 0.711670 0.446940 0.032715 0.124349
9 0.610352 0.377279 0.025391 0.061849
9 0.666016 0.399414 0.017578 0.094401
13 0.588379 0.462891 0.044922 0.058594
14 0.631592 0.475586 0.043457 0.077474
10 0.691895 0.388021 0.039062 0.061198
7 0.640625 0.385091 0.048828 0.160807
17 0.669922 0.440755 0.362305 0.286458
