8 0.430176 0.515625 0.128906 0.109375
1 0.471924 0.359701 0.088379 0.076172
1 0.534180 0.439779 0.080078 0.107422
1 0.506592 0.449544 0.041504 0.054036
1 0.574219 0.469076 0.038086 0.129557
1 0.591553 0.521484 0.083496 0.057292
1 0.577881 0.526693 0.039551 0.062500
0 0.615479 0.505208 0.096191 0.055990
0 0.619141 0.554688 0.083984 0.031250
0 0.542725 0.529622 0.058105 0.103516
7 0.461670 0.410156 0.045410 0.127604
7 0.513672 0.545573 0.069336 0.138021
7 0.574463 0.452148 0.105957 0.072266
17 0.513916 0.506185 0.349121 0.383464
