8 0.438477 0.474609 0.111328 0.100260
1 0.520508 0.472982 0.020508 0.031901
1 0.551270 0.457682 0.008789 0.045573
1 0.555420 0.464193 0.014160 0.091146
1 0.584229 0.467448 0.016113 0.065104
1 0.596680 0.482096 0.058594 0.068359
1 0.610352 0.486654 0.092773 0.042318
0 0.560059 0.596029 0.112305 0.043620
0 0.605225 0.551432 0.067871 0.089844
0 0.522461 0.530273 0.064453 0.104818
7 0.499512 0.409180 0.036133 0.136068
7 0.663574 0.515299 0.062500 0.098307
7 0.454590 0.471029 0.053711 0.179036
17 0.520996 0.525065 0.367188 0.374349
