0 0.734131 0.427409 0.054199 0.044922
2 0.586670 0.426758 0.074707 0.052734
2 0.683594 0.460938 0.078125 0.078125
1 0.752686 0.466146 0.066895 0.042969
1 0.744629 0.477865 0.123047 0.044271
4 0.601807 0.469076 0.057129 0.039714
5 0.668213 0.376953 0.048340 0.048177
5 0.779053 0.421224 0.040527 0.079427
11 0.704834 0.392578 0.027832 0.050781
11 0.593506 0.353841 0.038574 0.059245
11 0.586426 0.388346 0.024414 0.024089
9 0.554932 0.395833 0.028809 0.088542
9 0.659424 0.415365 0.057129 0.046875
14 0.627930 0.390951 0.028320 0.052734
13 0.634766 0.362305 0.028320 0.034505
17 0.667969 0.450846 0.363281 0.254557
