5 0.551758 0.383464 0.031250 0.076823
5 0.610840 0.422201 0.038086 0.076172
11 0.645752 0.488607 0.065918 0.052734
11 0.562500 0.439128 0.031250 0.065755
11 0.773438 0.429688 0.038086 0.046875
9 0.577881 0.363281 0.025879 0.082031
9 0.656006 0.392578 0.032715 0.093750
13 0.624512 0.446615 0.043945 0.055990
14 0.716553 0.414714 0.032715 0.029948
10 0.612061 0.368815 0.047363 0.043620
10 0.732422 0.448568 0.123047 0.069010
7 0.717041 0.391602 0.065918 0.072266
17 0.666748 0.451823 0.368652 0.270833
