8 0.628418 0.541016 0.109375 0.098958
1 0.516846 0.564779 0.047363 0.089193
1 0.465088 0.571615 0.043457 0.078125
1 0.458008 0.572266 0.065430 0.111979
1 0.427002 0.560547 0.088379 0.092448
1 0.414551 0.536458 0.114258 0.053385
1 0.419922 0.519531 0.147461 0.036458
0 0.478760 0.472331 0.027832 0.059245
0 0.510254 0.505208 0.031250 0.029948
0 0.532715 0.453451 0.088867 0.029297
7 0.544922 0.509766 0.055664 0.186198
7 0.609375 0.431315 0.045898 0.137370
7 0.411377 0.462891 0.105957 0.074219
17 0.511475 0.527995 0.356934 0.338542
