0 0.582520 0.383464 0.043945 0.092448
0 0.646973 0.354167 0.075195 0.046875
2 0.584961 0.447917 0.062500 0.052083
2 0.729004 0.454102 0.064453 0.060547
1 0.739258 0.437500 0.123047 0.031250
1 0.725098 0.355143 0.120117 0.027995
4 0.633301 0.472331 0.053711 0.046224
5 0.647217 0.378255 0.036621 0.061198
5 0.761719 0.388021 0.018555 0.072917
11 0.711426 0.373698 0.032227 0.095052
11 0.678711 0.388346 0.013672 0.043620
11 0.557129 0.383464 0.033203 0.078125
9 0.741211 0.397135 0.029297 0.069010
9 0.693604 0.401693 0.032715 0.087240
13 0.592041 0.367188 0.020020 0.033854
14 0.614258 0.402669 0.031250 0.052734
17 0.671143 0.445638 0.364746 0.258464
