0 0.634766 0.423503 0.077148 0.051432
2 0.631348 0.367839 0.048828 0.058594
2 0.706299 0.375977 0.050293 0.069661
1 0.640381 0.346029 0.072754 0.020182
1 0.582764 0.420573 0.054199 0.032552
4 0.675049 0.385742 0.029785 0.027995
5 0.546387 0.394531 0.039062 0.088542
5 0.629395 0.448242 0.050781 0.078776
11 0.749756 0.440755 0.041504 0.084635
11 0.574219 0.453451 0.056641 0.050130
11 0.588379 0.387695 0.024414 0.097005
9 0.652344 0.418620 0.057617 0.050781
9 0.751709 0.376953 0.034668 0.061198
13 0.706543 0.478516 0.046875 0.053385
14 0.696533 0.435221 0.041504 0.044922
17 0.668457 0.457682 0.359375 0.257812
