0 0.612549 0.348633 0.088379 0.065755
0 0.727295 0.356771 0.020996 0.027344
2 0.577881 0.392904 0.054199 0.051432
2 0.614258 0.449219 0.060547 0.070312
1 0.631592 0.433268 0.138184 0.072266
1 0.739258 0.394206 0.163086 0.070964
4 0.565674 0.431641 0.036621 0.035156
5 0.769043 0.451172 0.038086 0.093750
5 0.715088 0.375326 0.019043 0.044922
11 0.737793 0.416667 0.022461 0.104167
11 0.749756 0.431315 0.014160 0.050130
11 0.635254 0.354818 0.033203 0.070312
9 0.688965 0.416016 0.029297 0.084635
9 0.709961 0.442057 0.038086 0.092448
13 0.682129 0.375326 0.031250 0.035807
14 0.648926 0.394206 0.035156 0.044922
17 0.673584 0.444010 0.360840 0.274740
