0 0.666260 0.344401 0.103027 0.032552
0 0.744629 0.399089 0.069336 0.045573
2 0.570801 0.419922 0.053711 0.063802
2 0.619385 0.378906 0.043457 0.058594
1 0.697754 0.407227 0.073242 0.097005
1 0.577393 0.407552 0.043457 0.080729
5 0.751221 0.426107 0.044434 0.065755
5 0.704590 0.471029 0.038086 0.086589
11 0.702881 0.406901 0.029785 0.063802
11 0.695557 0.354492 0.028809 0.048828
11 0.749512 0.471680 0.043945 0.056641
9 0.671631 0.427409 0.032715 0.095703
9 0.654297 0.441081 0.038086 0.090495
14 0.688477 0.399089 0.019531 0.053385
17 0.667480 0.445964 0.354492 0.264323
