4 0.715088 0.479167 0.061035 0.045573
5 0.544922 0.423503 0.029297 0.070964
5 0.646729 0.369141 0.020020 0.042969
11 0.644043 0.399740 0.024414 0.036458
11 0.742676 0.377279 0.038086 0.064453
11 0.575928 0.417318 0.034668 0.104167
9 0.669922 0.402018 0.033203 0.077474
9 0.688721 0.384766 0.025879 0.084635
13 0.554688 0.372070 0.025391 0.030599
14 0.535645 0.391602 0.023438 0.043620
10 0.737793 0.423503 0.055664 0.089193
7 0.623047 0.363932 0.042969 0.144531
17 0.670166 0.434245 0.359863 0.295573
