8 0.447754 0.437826 0.091797 0.073568
1 0.530762 0.337891 0.056641 0.061198
1 0.612549 0.467122 0.135254 0.037109
1 0.600098 0.492839 0.029297 0.032552
1 0.581055 0.512044 0.151367 0.063151
1 0.555420 0.559245 0.014160 0.084635
1 0.556641 0.551758 0.102539 0.027995
0 0.586670 0.560221 0.043457 0.112630
0 0.532959 0.579102 0.090332 0.070964
0 0.515381 0.518880 0.094238 0.071615
7 0.525879 0.410482 0.046875 0.164714
7 0.633301 0.506510 0.052734 0.121094
7 0.454834 0.509440 0.117676 0.081380
17 0.518311 0.504557 0.356934 0.395833
