0 0.729004 0.439779 0.064453 0.042318
2 0.654297 0.464844 0.062500 0.070312
2 0.571045 0.408529 0.067871 0.051432
1 0.721924 0.463867 0.079590 0.076172
1 0.723389 0.485352 0.151855 0.029297
4 0.575684 0.454102 0.045898 0.037109
5 0.687256 0.384766 0.046387 0.057292
5 0.775635 0.433919 0.036621 0.078776
11 0.619629 0.356445 0.031250 0.061849
11 0.727051 0.403320 0.024414 0.043620
11 0.602051 0.394531 0.037109 0.053385
9 0.664551 0.415365 0.057617 0.053385
9 0.560547 0.364583 0.038086 0.057292
14 0.638428 0.394206 0.032715 0.044922
13 0.656006 0.362305 0.022949 0.030599
17 0.672119 0.454753 0.362793 0.267578
