0 0.664795 0.442057 0.052246 0.062500
0 0.577881 0.369141 0.076660 0.027344
2 0.729004 0.390951 0.055664 0.061849
2 0.753174 0.431641 0.067871 0.074219
1 0.730713 0.376628 0.110840 0.055339
5 0.577881 0.392904 0.045410 0.067057
5 0.612793 0.353516 0.015625 0.074219
11 0.626465 0.352214 0.020508 0.079427
11 0.621094 0.449544 0.031250 0.089193
9 0.646973 0.402018 0.033203 0.044922
9 0.737305 0.450846 0.038086 0.081380
14 0.643799 0.437500 0.020996 0.062500
13 0.574463 0.447266 0.048340 0.063802
17 0.664795 0.444336 0.356934 0.275391
