8 0.565674 0.448893 0.052246 0.086589
1 0.628174 0.377279 0.157715 0.041016
1 0.656006 0.594727 0.070801 0.060547
1 0.583252 0.540690 0.019043 0.048828
1 0.517090 0.528646 0.048828 0.045573
1 0.482422 0.526693 0.022461 0.063802
1 0.470215 0.528971 0.105469 0.021484
0 0.433350 0.516602 0.054199 0.069661
0 0.466309 0.544596 0.115234 0.035807
0 0.510254 0.504883 0.088867 0.041016
7 0.506592 0.460938 0.090332 0.074219
7 0.607422 0.450195 0.051758 0.150391
7 0.553223 0.574544 0.136719 0.073568
17 0.527588 0.524089 0.383301 0.372396
