4 0.671631 0.385091 0.014160 0.034505
5 0.702881 0.274740 0.054199 0.075521
5 0.608643 0.333008 0.040527 0.081380
11 0.551514 0.391602 0.040527 0.090495
11 0.765381 0.398438 0.041504 0.088542
11 0.652588 0.332357 0.032715 0.072266
9 0.605469 0.408529 0.038086 0.081380
9 0.649170 0.399740 0.029785 0.080729
13 0.723633 0.479167 0.044922 0.057292
14 0.765381 0.464193 0.043457 0.057292
10 0.626221 0.354167 0.026855 0.151042
7 0.695801 0.381836 0.040039 0.124349
17 0.667969 0.411133 0.360352 0.345703
