1 0.605713 0.386719 0.038574 0.018229
4 0.716553 0.417318 0.017090 0.037760
5 0.576172 0.361003 0.029297 0.072266
5 0.614258 0.424154 0.055664 0.054036
11 0.673340 0.456055 0.038086 0.099609
11 0.572754 0.428060 0.031250 0.047526
11 0.739014 0.447266 0.038574 0.113281
9 0.661133 0.387370 0.029297 0.053385
9 0.693848 0.391602 0.029297 0.076172
13 0.612793 0.462240 0.040039 0.049479
14 0.647217 0.442383 0.017090 0.051432
10 0.729004 0.342122 0.041992 0.143880
10 0.642090 0.330404 0.036133 0.145182
7 0.764893 0.394531 0.036621 0.154948
17 0.666016 0.416016 0.354492 0.338542
