8 0.557129 0.440755 0.057617 0.084635
1 0.621094 0.372721 0.156250 0.042318
1 0.666504 0.586914 0.062500 0.046224
1 0.593506 0.539714 0.027832 0.050781
1 0.534180 0.536784 0.072266 0.061849
1 0.466309 0.529622 0.101562 0.025391
1 0.484131 0.541016 0.032715 0.070312
0 0.508301 0.502604 0.111328 0.042969
0 0.437256 0.520182 0.043457 0.071615
0 0.466797 0.553385 0.111328 0.035156
7 0.567383 0.573568 0.146484 0.063802
7 0.498535 0.456055 0.109375 0.083984
7 0.612549 0.435221 0.052246 0.167318
17 0.521484 0.500000 0.369141 0.335938
