4 0.563965 0.406901 0.036133 0.032552
5 0.650879 0.457357 0.044922 0.086589
5 0.694092 0.431966 0.052246 0.074870
11 0.748047 0.471680 0.029297 0.082682
11 0.765381 0.445964 0.041504 0.065104
11 0.676758 0.362305 0.031250 0.021484
9 0.652588 0.391602 0.029785 0.065755
9 0.604004 0.439453 0.040039 0.089844
13 0.771973 0.424154 0.051758 0.057943
14 0.680176 0.390625 0.026367 0.046875
10 0.591797 0.425130 0.074219 0.072917
10 0.712891 0.387044 0.041016 0.076172
7 0.593018 0.377604 0.088379 0.041667
17 0.665771 0.461589 0.359863 0.243490
