8 0.650879 0.519857 0.107422 0.086589
1 0.505127 0.584310 0.012207 0.093099
1 0.544922 0.564779 0.074219 0.070964
1 0.495850 0.592448 0.008301 0.140625
1 0.465088 0.583984 0.045410 0.123698
1 0.435547 0.565430 0.083008 0.087891
1 0.428467 0.549154 0.131348 0.069661
0 0.499756 0.454102 0.088379 0.029297
0 0.465088 0.486654 0.043457 0.048828
0 0.531006 0.493815 0.052246 0.065755
7 0.601074 0.403971 0.045898 0.115234
7 0.578125 0.497396 0.040039 0.171875
7 0.388672 0.496745 0.086914 0.097656
17 0.520752 0.520182 0.370605 0.372396
