0 0.628174 0.353516 0.083496 0.035156
0 0.621094 0.438477 0.080078 0.025391
2 0.667725 0.460938 0.057129 0.071615
2 0.746094 0.439779 0.060547 0.067057
1 0.751465 0.429688 0.026367 0.076823
1 0.704102 0.421875 0.028320 0.015625
4 0.702881 0.486654 0.038574 0.044922
5 0.730469 0.370768 0.029297 0.072266
5 0.631592 0.367839 0.043457 0.059896
11 0.699463 0.367188 0.032715 0.095052
11 0.664551 0.372070 0.033203 0.024089
11 0.563721 0.392253 0.037598 0.083984
9 0.657471 0.404622 0.054199 0.044922
9 0.617920 0.443359 0.032715 0.092448
14 0.607666 0.401367 0.032715 0.043620
13 0.585938 0.384766 0.015625 0.040365
17 0.666748 0.443359 0.363770 0.277344
