0 0.727295 0.409180 0.034668 0.041016
2 0.604004 0.442383 0.071289 0.060547
2 0.704590 0.459961 0.067383 0.063151
1 0.761475 0.448242 0.062012 0.027995
1 0.763672 0.462240 0.073242 0.065104
4 0.640137 0.478516 0.049805 0.040365
5 0.764893 0.401042 0.039551 0.083333
5 0.650391 0.374349 0.051758 0.045573
11 0.577881 0.359701 0.029785 0.046224
11 0.591797 0.410156 0.026367 0.027344
11 0.687256 0.391602 0.029785 0.033203
9 0.661133 0.414714 0.059570 0.055990
9 0.566895 0.416992 0.036133 0.090495
14 0.619385 0.393880 0.034668 0.042969
13 0.607666 0.365234 0.026855 0.033854
17 0.670410 0.451823 0.363281 0.274740
