8 0.421143 0.479818 0.103027 0.102865
1 0.574219 0.536458 0.073242 0.040365
1 0.584473 0.542318 0.063477 0.079427
1 0.581299 0.492839 0.097168 0.105469
1 0.567627 0.448568 0.114746 0.080729
1 0.562500 0.468099 0.015625 0.079427
1 0.487549 0.344076 0.036621 0.074870
0 0.535645 0.528646 0.039062 0.110677
0 0.586426 0.569010 0.094727 0.036458
0 0.615967 0.531250 0.077637 0.078125
7 0.600586 0.470703 0.087891 0.093750
7 0.485596 0.400391 0.036621 0.115885
7 0.476074 0.527669 0.059570 0.111328
17 0.522217 0.493164 0.369629 0.386068
