0 0.586182 0.360352 0.085449 0.024089
0 0.648438 0.443685 0.072266 0.063151
2 0.734131 0.447266 0.052246 0.082031
2 0.749756 0.399740 0.054199 0.049479
1 0.756836 0.392904 0.080078 0.067057
1 0.683838 0.392904 0.032715 0.026693
4 0.768311 0.472331 0.024902 0.037109
5 0.666504 0.361003 0.020508 0.072266
5 0.589600 0.376628 0.043457 0.044922
11 0.649170 0.348307 0.025879 0.074219
11 0.588379 0.432292 0.029297 0.088542
11 0.615723 0.378255 0.017578 0.036458
9 0.650635 0.407878 0.040527 0.050130
9 0.694336 0.455404 0.040039 0.089193
14 0.625000 0.432292 0.031250 0.059896
13 0.558838 0.426432 0.034668 0.062500
17 0.673340 0.439779 0.366211 0.274089
