4 0.675293 0.477214 0.046875 0.042969
5 0.617188 0.354492 0.037109 0.051432
5 0.661133 0.350911 0.033203 0.062500
11 0.727051 0.358724 0.022461 0.032552
11 0.572754 0.379557 0.053711 0.048177
11 0.550293 0.422852 0.038086 0.060547
9 0.666260 0.393555 0.029785 0.069661
9 0.713135 0.393555 0.036621 0.068359
13 0.628418 0.388346 0.040039 0.037109
14 0.602295 0.408203 0.025879 0.050781
10 0.708008 0.450521 0.116211 0.066406
7 0.630127 0.448568 0.052246 0.102865
17 0.669922 0.445964 0.364258 0.274740
