0 0.612061 0.408529 0.103027 0.086589
0 0.598633 0.352865 0.084961 0.028646
2 0.761475 0.431641 0.062012 0.066406
2 0.645508 0.470703 0.069336 0.065104
1 0.681885 0.339844 0.040527 0.050781
1 0.752930 0.407227 0.020508 0.080078
4 0.709961 0.471354 0.044922 0.052083
5 0.600586 0.372070 0.040039 0.060547
5 0.690918 0.352214 0.024414 0.058594
11 0.570557 0.426107 0.032715 0.094401
11 0.629639 0.384440 0.025879 0.046224
11 0.663086 0.365234 0.017578 0.091146
9 0.676270 0.387370 0.030273 0.076823
9 0.711426 0.379883 0.024414 0.077474
14 0.611084 0.422201 0.028809 0.043620
13 0.547852 0.407878 0.022461 0.057943
17 0.673584 0.442708 0.357910 0.274740
