8 0.617676 0.551107 0.111328 0.116536
1 0.421631 0.510417 0.157715 0.019531
1 0.412598 0.524740 0.114258 0.044271
1 0.414551 0.547201 0.119141 0.076172
1 0.446045 0.564779 0.095215 0.103516
1 0.454346 0.566732 0.056152 0.057943
1 0.499756 0.558268 0.032715 0.072266
0 0.486084 0.471029 0.019043 0.054036
0 0.549805 0.458333 0.083984 0.029948
0 0.539795 0.496094 0.090332 0.033854
7 0.421631 0.451497 0.101074 0.068359
7 0.527344 0.506185 0.041992 0.184245
7 0.619873 0.440104 0.037598 0.144531
17 0.512695 0.531250 0.359375 0.350260
