5 0.569092 0.430339 0.034668 0.088542
5 0.656006 0.432292 0.048340 0.072917
11 0.645508 0.471680 0.038086 0.068359
11 0.732178 0.487305 0.061035 0.052734
11 0.733643 0.394206 0.036621 0.034505
9 0.560059 0.399414 0.041992 0.094401
9 0.652588 0.377930 0.032715 0.052734
13 0.721924 0.448893 0.048340 0.057943
14 0.704590 0.402669 0.044922 0.041016
10 0.612305 0.401042 0.053711 0.054688
10 0.746338 0.419596 0.101074 0.059245
7 0.656006 0.374023 0.081543 0.060547
17 0.665283 0.462240 0.358887 0.253906
