4 0.635254 0.468750 0.051758 0.046875
5 0.652344 0.359375 0.041992 0.046875
5 0.697754 0.362630 0.031250 0.067708
11 0.583008 0.361003 0.060547 0.051432
11 0.549805 0.402018 0.035156 0.048828
11 0.753174 0.392253 0.029785 0.074870
9 0.674805 0.401042 0.030273 0.072917
9 0.720215 0.409180 0.044922 0.087891
13 0.640381 0.393880 0.041504 0.052083
14 0.607178 0.396484 0.034668 0.050781
10 0.683350 0.457031 0.109863 0.083333
7 0.605469 0.438477 0.068359 0.082682
17 0.666016 0.455078 0.370117 0.263021
