2 0.617920 0.447266 0.057129 0.072917
1 0.657715 0.497396 0.142578 0.048177
5 0.713379 0.399089 0.044922 0.076823
5 0.740479 0.461914 0.042480 0.094401
11 0.729004 0.434245 0.017578 0.035156
11 0.660889 0.337891 0.016113 0.035156
11 0.617676 0.352214 0.031250 0.087240
9 0.624512 0.391602 0.030273 0.064453
9 0.652344 0.393880 0.020508 0.078125
13 0.720215 0.370443 0.013672 0.024740
10 0.569336 0.388997 0.046875 0.155599
10 0.673096 0.415365 0.043457 0.169271
7 0.585938 0.331706 0.031250 0.123047
17 0.666016 0.415690 0.373047 0.322266
