8 0.615967 0.464518 0.095215 0.063151
1 0.498047 0.526693 0.019531 0.069010
1 0.480469 0.510091 0.028320 0.060547
1 0.470215 0.513021 0.091797 0.029948
1 0.534180 0.549805 0.087891 0.037109
1 0.600342 0.626628 0.072754 0.068359
1 0.629395 0.393229 0.137695 0.061198
0 0.442139 0.489583 0.080566 0.055990
0 0.516846 0.496094 0.065918 0.063802
0 0.452881 0.527344 0.104004 0.032552
7 0.531494 0.451497 0.074707 0.082682
7 0.506348 0.574219 0.125000 0.108073
7 0.619141 0.467122 0.040039 0.176432
17 0.521484 0.513021 0.364258 0.346354
