2 0.635254 0.386719 0.029297 0.061198
1 0.579590 0.392253 0.038086 0.025391
4 0.713379 0.407227 0.036133 0.030599
5 0.633545 0.433594 0.052246 0.057292
5 0.551758 0.370768 0.029297 0.069661
11 0.769043 0.429688 0.038086 0.097656
11 0.716797 0.457031 0.044922 0.087240
11 0.587891 0.445964 0.029297 0.049479
9 0.685547 0.386719 0.027344 0.069010
9 0.659180 0.388672 0.029297 0.065104
13 0.666260 0.490560 0.050293 0.074870
14 0.678223 0.437826 0.037109 0.060547
10 0.617676 0.340169 0.026367 0.134766
10 0.696045 0.323893 0.045410 0.132161
7 0.763428 0.374023 0.047363 0.136068
17 0.671875 0.423828 0.366211 0.330729
