2 0.716797 0.383464 0.013672 0.032552
1 0.633301 0.376628 0.029297 0.018880
4 0.768799 0.440430 0.025879 0.037109
5 0.610840 0.353516 0.027344 0.066406
5 0.604004 0.407878 0.038086 0.065755
11 0.566895 0.409180 0.036133 0.041016
11 0.633301 0.454102 0.034180 0.095703
11 0.704346 0.448893 0.045410 0.113932
9 0.659668 0.398438 0.031250 0.074219
9 0.692383 0.392904 0.029297 0.073568
13 0.581299 0.443359 0.038574 0.044271
14 0.656006 0.447917 0.019043 0.065104
10 0.664795 0.322266 0.030762 0.096354
10 0.761963 0.367188 0.036621 0.161458
7 0.743408 0.405273 0.048340 0.173828
17 0.664795 0.423503 0.361816 0.309245
