0 0.615967 0.445964 0.057129 0.032552
0 0.601807 0.354818 0.089355 0.020833
2 0.756836 0.429688 0.053711 0.061198
2 0.704590 0.448242 0.057617 0.078776
1 0.702881 0.409180 0.059082 0.026693
1 0.755127 0.408529 0.036621 0.072266
4 0.737305 0.478516 0.030273 0.035156
5 0.604004 0.374349 0.036133 0.063802
5 0.697754 0.361979 0.029297 0.078125
11 0.567383 0.415365 0.035156 0.080729
11 0.635010 0.376302 0.027832 0.032552
11 0.678223 0.352865 0.025391 0.084635
9 0.654297 0.406250 0.048828 0.046875
9 0.657959 0.455404 0.043457 0.103516
14 0.610840 0.412109 0.044922 0.058594
13 0.546631 0.402018 0.020996 0.046224
17 0.666748 0.437826 0.363770 0.284505
