4 0.567383 0.428060 0.051758 0.047526
5 0.711670 0.424805 0.045410 0.083984
5 0.695801 0.466797 0.038086 0.092448
11 0.616211 0.354818 0.029297 0.092448
11 0.746338 0.422852 0.027832 0.050130
11 0.773926 0.454753 0.038086 0.067057
9 0.619629 0.387695 0.024414 0.074870
9 0.640381 0.446615 0.038574 0.106771
13 0.771729 0.402018 0.045410 0.054036
14 0.668213 0.399089 0.017090 0.053385
10 0.650391 0.349609 0.035156 0.102865
10 0.704590 0.349284 0.051758 0.107422
7 0.586914 0.339844 0.044922 0.144531
17 0.669678 0.421549 0.360840 0.323568
