8 0.636963 0.539388 0.123535 0.094401
1 0.468506 0.481120 0.126465 0.033854
1 0.456543 0.512044 0.140625 0.087891
1 0.438965 0.571615 0.088867 0.100260
1 0.499756 0.473307 0.019043 0.061198
1 0.494629 0.486654 0.086914 0.024089
1 0.560059 0.416016 0.036133 0.080729
0 0.523926 0.506510 0.048828 0.046875
0 0.469971 0.474609 0.031738 0.059896
0 0.506836 0.461589 0.064453 0.029948
7 0.426758 0.505208 0.044922 0.119792
7 0.554688 0.500326 0.044922 0.181641
7 0.611328 0.465820 0.061523 0.055339
17 0.523193 0.533529 0.378418 0.341797
