5 0.636719 0.432292 0.048828 0.066406
5 0.550293 0.407878 0.031250 0.080078
11 0.763672 0.408529 0.048828 0.042318
11 0.602051 0.462240 0.041992 0.080729
11 0.695801 0.493490 0.069336 0.055990
9 0.659424 0.392253 0.036621 0.081380
9 0.562256 0.379557 0.036621 0.087240
13 0.677979 0.448893 0.036621 0.057943
14 0.714844 0.403971 0.037109 0.025391
10 0.751465 0.445964 0.118164 0.061198
10 0.612549 0.390951 0.070801 0.051432
7 0.691162 0.376302 0.071777 0.061198
17 0.666992 0.458008 0.362305 0.254557
