0 0.604004 0.414714 0.040039 0.053385
2 0.729004 0.383464 0.048828 0.061198
2 0.654297 0.369466 0.051758 0.051432
1 0.638672 0.439779 0.024414 0.026693
1 0.657227 0.355469 0.114258 0.014323
4 0.697754 0.399089 0.024414 0.035156
5 0.550049 0.375000 0.032715 0.078125
5 0.607422 0.431966 0.053711 0.078776
11 0.588379 0.370443 0.031250 0.084635
11 0.555420 0.434245 0.050293 0.049479
11 0.730713 0.455729 0.045410 0.097656
9 0.765381 0.403320 0.032715 0.089193
9 0.645508 0.424154 0.046875 0.057943
14 0.681885 0.436523 0.038574 0.056641
13 0.671631 0.482096 0.043457 0.057943
17 0.673096 0.451823 0.350098 0.260417
