8 0.485596 0.448568 0.047363 0.096354
1 0.593506 0.480794 0.038574 0.044922
1 0.598633 0.485352 0.069336 0.068359
1 0.556885 0.486979 0.019043 0.041667
1 0.624756 0.494792 0.083496 0.057292
1 0.635010 0.513021 0.112793 0.028646
1 0.633545 0.527344 0.099121 0.018229
0 0.505127 0.521484 0.119629 0.066406
0 0.570801 0.563477 0.031250 0.111328
0 0.492920 0.586589 0.105957 0.059896
7 0.443604 0.433919 0.044434 0.171224
7 0.534668 0.405924 0.038086 0.152995
7 0.645508 0.570312 0.109375 0.097656
17 0.522705 0.512695 0.366699 0.397786
