4 0.572754 0.438477 0.048828 0.038411
5 0.727295 0.393555 0.043457 0.076172
5 0.758545 0.401042 0.032715 0.083333
11 0.782715 0.439779 0.036133 0.067057
11 0.628174 0.348307 0.052246 0.040365
11 0.602295 0.375326 0.052246 0.026693
9 0.657227 0.402018 0.029297 0.095703
9 0.706055 0.424154 0.032227 0.089193
13 0.682129 0.407227 0.017578 0.048828
14 0.636719 0.375977 0.026367 0.037109
10 0.624756 0.442708 0.048340 0.093750
7 0.588379 0.401693 0.104492 0.044271
17 0.669922 0.447917 0.365234 0.263021
