0 0.633301 0.376628 0.036133 0.027995
0 0.673340 0.463542 0.095703 0.031250
2 0.716797 0.449219 0.050781 0.083333
2 0.732422 0.409505 0.053711 0.061198
1 0.702637 0.384440 0.031250 0.027995
1 0.692383 0.398438 0.029297 0.015625
4 0.749512 0.471680 0.032227 0.041016
5 0.601807 0.387695 0.038574 0.056641
5 0.674561 0.359701 0.032715 0.076172
11 0.579590 0.428060 0.038086 0.090495
11 0.626465 0.463542 0.053711 0.057292
9 0.680420 0.465495 0.045410 0.102865
9 0.656006 0.416016 0.052246 0.045573
14 0.614502 0.424154 0.034668 0.055339
13 0.550537 0.414714 0.029785 0.055990
17 0.667236 0.450521 0.370605 0.273438
