0 0.696045 0.401693 0.029785 0.059896
2 0.723633 0.449219 0.055664 0.065104
2 0.643799 0.448568 0.063965 0.071615
1 0.760254 0.447591 0.024414 0.089193
1 0.763428 0.433594 0.036621 0.022135
4 0.675049 0.480143 0.045410 0.035807
5 0.624756 0.376628 0.052246 0.050130
5 0.742920 0.378581 0.036621 0.069661
11 0.661133 0.386719 0.022461 0.028646
11 0.558838 0.384115 0.038574 0.075521
11 0.562256 0.432292 0.032715 0.048177
9 0.591797 0.437826 0.033203 0.095703
9 0.657227 0.411133 0.053711 0.048828
14 0.617188 0.408529 0.026367 0.057943
13 0.588623 0.375326 0.021973 0.043620
17 0.662354 0.451497 0.354980 0.249349
