2 0.569336 0.408529 0.024414 0.051432
1 0.562500 0.456055 0.031250 0.081380
5 0.612549 0.459961 0.043457 0.095703
5 0.720215 0.430339 0.051758 0.065104
11 0.711670 0.472982 0.050293 0.043620
11 0.749756 0.385742 0.036621 0.061849
11 0.709717 0.354167 0.034668 0.072917
9 0.629395 0.385417 0.023438 0.080729
9 0.656006 0.401042 0.041504 0.083333
13 0.764893 0.432292 0.039551 0.055990
14 0.697754 0.408529 0.029297 0.042318
10 0.598145 0.375977 0.036133 0.132161
10 0.563965 0.328451 0.040039 0.123047
7 0.666748 0.315430 0.039551 0.108724
17 0.666992 0.415365 0.370117 0.332031
