0 0.579834 0.375326 0.043457 0.094401
0 0.662354 0.360352 0.040527 0.055339
2 0.579346 0.442057 0.063965 0.055990
2 0.640381 0.470378 0.065918 0.065755
1 0.642334 0.431641 0.034668 0.020833
1 0.729004 0.462240 0.107422 0.026042
5 0.761963 0.394857 0.034668 0.081380
5 0.659424 0.380208 0.041504 0.063802
11 0.569336 0.377604 0.031250 0.075521
11 0.702637 0.394531 0.015625 0.046875
11 0.725098 0.384115 0.029297 0.088542
9 0.685303 0.415690 0.032715 0.081380
9 0.735352 0.438477 0.041992 0.086589
17 0.671387 0.447591 0.367188 0.275391
