5 0.551758 0.392904 0.034180 0.081380
5 0.616211 0.422201 0.038086 0.078776
11 0.767090 0.392904 0.031250 0.098307
11 0.657715 0.486003 0.067383 0.051432
11 0.572266 0.445964 0.020508 0.076823
9 0.701172 0.383464 0.017578 0.061198
9 0.577881 0.367513 0.027832 0.077474
13 0.638672 0.443685 0.042969 0.048828
14 0.706299 0.430990 0.041504 0.055990
10 0.671631 0.387044 0.050293 0.145182
10 0.646973 0.338542 0.036133 0.106771
7 0.727295 0.355794 0.040527 0.142578
17 0.664795 0.426758 0.364746 0.309245
