0 0.738770 0.416341 0.097656 0.034505
0 0.697510 0.354167 0.104004 0.024740
2 0.654297 0.368490 0.051758 0.033854
2 0.565430 0.398438 0.058594 0.062500
1 0.565918 0.384115 0.038086 0.072917
1 0.652344 0.399414 0.031250 0.095703
4 0.604004 0.387370 0.026367 0.029948
5 0.640381 0.464193 0.039551 0.100260
5 0.734131 0.445964 0.048340 0.083333
11 0.704590 0.484701 0.043945 0.063151
11 0.734131 0.371094 0.036621 0.066406
11 0.666504 0.430990 0.024414 0.098958
9 0.614014 0.425781 0.029785 0.088542
9 0.645264 0.392904 0.023926 0.034505
14 0.693848 0.405273 0.035156 0.054036
13 0.767090 0.425456 0.029297 0.048828
17 0.671387 0.452148 0.361328 0.251953
