0 0.308838 0.414714 0.114746 0.045573
0 0.409424 0.418620 0.045410 0.046875
1 0.381348 0.450521 0.096680 0.044271
1 0.322266 0.437500 0.089844 0.031250
1 0.301758 0.378255 0.086914 0.037760
1 0.341309 0.385742 0.081055 0.035807
1 0.386963 0.384766 0.023926 0.050781
1 0.358643 0.406901 0.059082 0.015625
2 0.366211 0.352865 0.040039 0.044271
3 0.357178 0.384115 0.157715 0.049479
4 0.466797 0.381185 0.027344 0.029297
11 0.438477 0.365234 0.045898 0.035156
11 0.446045 0.389323 0.023926 0.031250
9 0.452393 0.414714 0.051270 0.059896
17 0.349365 0.424154 0.336426 0.210286
