0 0.350586 0.437500 0.080078 0.031250
0 0.289551 0.416667 0.078125 0.026042
1 0.287842 0.353516 0.072754 0.035156
1 0.360840 0.383789 0.076172 0.080078
1 0.409424 0.386068 0.045410 0.040365
2 0.315430 0.378906 0.033203 0.053385
3 0.320801 0.362630 0.178711 0.055990
4 0.443604 0.415365 0.042480 0.042969
11 0.404297 0.408854 0.033203 0.067708
11 0.289551 0.424154 0.032227 0.068359
11 0.386475 0.341146 0.033691 0.058594
9 0.444336 0.357096 0.031250 0.070964
10 0.339600 0.412760 0.037598 0.104167
17 0.346924 0.411784 0.332520 0.246745
