0 0.447754 0.384115 0.051758 0.027344
0 0.376709 0.368490 0.027832 0.033854
1 0.313965 0.353190 0.120117 0.060547
1 0.435547 0.409505 0.105469 0.037760
2 0.310547 0.377604 0.035156 0.059896
3 0.319336 0.418294 0.147461 0.065755
3 0.341553 0.448893 0.201660 0.069661
11 0.277588 0.369466 0.034668 0.073568
11 0.329834 0.391602 0.034668 0.041016
4 0.327881 0.434245 0.036621 0.033854
5 0.343506 0.359701 0.034668 0.048828
9 0.400879 0.369141 0.036133 0.041667
10 0.409180 0.400065 0.062500 0.047526
17 0.351318 0.411784 0.337402 0.238932
