0 0.394043 0.376953 0.100586 0.027344
0 0.305176 0.391602 0.061523 0.039714
1 0.386963 0.401693 0.045410 0.023438
1 0.411133 0.422201 0.102539 0.029297
1 0.333008 0.367188 0.093750 0.031250
1 0.329590 0.397461 0.022461 0.029297
1 0.354004 0.393555 0.067383 0.025391
1 0.397217 0.371094 0.052246 0.020833
2 0.339844 0.423503 0.056641 0.065755
3 0.399170 0.426758 0.076660 0.063151
4 0.233887 0.404297 0.035156 0.032552
11 0.260010 0.392253 0.027832 0.030599
11 0.259766 0.424805 0.059570 0.048828
9 0.272217 0.367188 0.052246 0.045573
17 0.350098 0.428060 0.329102 0.206380
