0 0.298340 0.390951 0.026367 0.037109
0 0.282715 0.434245 0.031250 0.033854
1 0.345215 0.390951 0.015625 0.107422
1 0.354004 0.336589 0.100586 0.019531
1 0.412598 0.416016 0.104492 0.024740
2 0.364258 0.370768 0.042969 0.051432
3 0.357422 0.350586 0.118164 0.061849
4 0.358887 0.447266 0.042969 0.035156
11 0.436768 0.357096 0.031738 0.064453
11 0.326172 0.422201 0.033203 0.067057
11 0.267090 0.385417 0.024414 0.053385
9 0.431885 0.392904 0.037598 0.081380
10 0.251465 0.399740 0.035156 0.098958
17 0.349365 0.418945 0.330566 0.220703
