0 0.284668 0.385417 0.038086 0.036458
0 0.261963 0.423503 0.076660 0.059245
1 0.331543 0.370443 0.071289 0.042969
2 0.362305 0.407878 0.023438 0.074870
3 0.429932 0.393229 0.044434 0.072917
3 0.437256 0.370443 0.102051 0.069010
11 0.386963 0.360352 0.025879 0.041016
11 0.393799 0.399414 0.043457 0.076172
11 0.334473 0.448568 0.067383 0.055990
4 0.423340 0.377930 0.029297 0.034505
5 0.322754 0.414714 0.053711 0.067708
9 0.317383 0.359701 0.033203 0.030599
10 0.343506 0.361654 0.043457 0.038411
17 0.346924 0.425130 0.329590 0.208333
