0 0.447266 0.411784 0.028320 0.051432
0 0.371338 0.441081 0.043457 0.057943
1 0.374756 0.346680 0.039551 0.027995
2 0.360840 0.376628 0.029297 0.056641
3 0.312012 0.376953 0.090820 0.061198
3 0.273682 0.409180 0.067871 0.072266
11 0.379883 0.329102 0.038086 0.051432
11 0.430420 0.367839 0.041504 0.048177
11 0.329346 0.365560 0.044434 0.063151
4 0.275391 0.383464 0.033203 0.027344
5 0.403809 0.376628 0.045898 0.065755
9 0.357422 0.412109 0.042969 0.053385
10 0.306885 0.415365 0.040527 0.058594
17 0.347656 0.411784 0.325195 0.232422
