0 0.629883 0.360352 0.026367 0.064453
2 0.520752 0.385742 0.036621 0.064453
2 0.680420 0.369792 0.052246 0.041667
2 0.609131 0.379232 0.014160 0.046224
3 0.655762 0.361654 0.124023 0.129557
7 0.588379 0.385417 0.040039 0.141927
11 0.629883 0.409180 0.038086 0.073568
11 0.624512 0.371419 0.036133 0.041016
9 0.553711 0.415365 0.033203 0.083333
10 0.645264 0.307292 0.029785 0.079427
10 0.680420 0.403646 0.045410 0.139323
12 0.563477 0.355794 0.032227 0.136068
17 0.606201 0.380859 0.264160 0.238281
