0 0.296631 0.396159 0.085449 0.030599
0 0.277588 0.424805 0.029785 0.056641
1 0.338135 0.369792 0.078613 0.026042
1 0.322510 0.430990 0.022949 0.070312
1 0.344971 0.441406 0.035645 0.033854
1 0.263672 0.430990 0.107422 0.033854
1 0.273926 0.420573 0.040039 0.028646
2 0.416504 0.353841 0.048828 0.043620
3 0.404297 0.353841 0.113281 0.077474
11 0.405518 0.422201 0.041504 0.055339
11 0.452881 0.400065 0.059082 0.044922
4 0.449463 0.431315 0.043457 0.034505
9 0.373047 0.421549 0.038086 0.080078
17 0.346924 0.421549 0.336426 0.219401
