2 0.501221 0.378255 0.023926 0.048177
2 0.565918 0.401693 0.038086 0.055990
2 0.671387 0.428060 0.053711 0.061849
3 0.557129 0.400065 0.069336 0.137370
6 0.628418 0.355794 0.024414 0.029297
7 0.602051 0.384440 0.040039 0.142578
11 0.558838 0.358073 0.038574 0.031250
11 0.621338 0.380534 0.020996 0.030599
9 0.657715 0.369792 0.028320 0.052083
10 0.523926 0.375977 0.038086 0.126953
10 0.685547 0.384440 0.042969 0.044922
12 0.629395 0.407227 0.039062 0.089193
17 0.609375 0.399089 0.261719 0.195312
