0 0.357422 0.422201 0.080078 0.068359
0 0.423340 0.392253 0.026367 0.034505
1 0.446045 0.408854 0.025879 0.062500
1 0.386963 0.437826 0.045410 0.042318
1 0.369385 0.402669 0.081543 0.017578
1 0.274170 0.409505 0.041504 0.069010
1 0.324463 0.392904 0.017090 0.052734
1 0.352295 0.378581 0.041504 0.026693
1 0.371338 0.404948 0.074707 0.018229
2 0.300049 0.362630 0.052246 0.042969
3 0.308838 0.399089 0.177246 0.062500
4 0.412354 0.360352 0.031738 0.030599
11 0.378174 0.354492 0.029785 0.043620
11 0.433594 0.371094 0.038086 0.033854
9 0.465088 0.370117 0.032715 0.056641
17 0.347168 0.413737 0.330078 0.220703
