0 0.443604 0.408203 0.076660 0.042969
0 0.452881 0.375326 0.054199 0.031901
1 0.398926 0.439779 0.118164 0.027995
2 0.322510 0.377930 0.050293 0.072266
3 0.304688 0.431641 0.140625 0.093750
3 0.286377 0.370443 0.119629 0.069010
11 0.371094 0.328125 0.043945 0.031250
11 0.421631 0.371745 0.034668 0.046875
11 0.315674 0.386068 0.029785 0.046875
4 0.282715 0.416016 0.046875 0.033854
5 0.374756 0.364583 0.039551 0.039062
9 0.399170 0.399740 0.034668 0.049479
10 0.350586 0.380859 0.038086 0.097656
17 0.347900 0.417318 0.328613 0.227865
