0 0.442383 0.399740 0.095703 0.019531
0 0.409424 0.431641 0.048340 0.050781
1 0.350342 0.447917 0.095215 0.044271
1 0.367676 0.361654 0.031250 0.026693
2 0.329346 0.368490 0.053223 0.058594
3 0.263184 0.424154 0.106445 0.090495
3 0.319092 0.367839 0.105957 0.067708
11 0.308838 0.371419 0.027832 0.037109
11 0.386963 0.340495 0.038574 0.041667
11 0.429932 0.383464 0.039551 0.048177
4 0.277588 0.395833 0.057129 0.052083
5 0.390381 0.370443 0.039551 0.055990
9 0.381836 0.403320 0.038086 0.057943
10 0.334961 0.377930 0.044922 0.099609
17 0.346191 0.416341 0.331055 0.223307
