0 0.593506 0.362305 0.078613 0.030599
2 0.645508 0.399089 0.048828 0.044271
2 0.675049 0.435547 0.050293 0.061198
3 0.656006 0.392253 0.063965 0.168620
6 0.603516 0.344076 0.034180 0.030599
7 0.542969 0.317057 0.036133 0.071615
11 0.571045 0.396810 0.034668 0.076172
11 0.604004 0.386393 0.031250 0.068359
11 0.595215 0.443034 0.073242 0.034505
10 0.537354 0.392904 0.039551 0.142578
10 0.706543 0.372396 0.038086 0.121094
12 0.575684 0.313477 0.033203 0.090495
17 0.602539 0.378906 0.261719 0.238281
