0 0.372803 0.432617 0.034668 0.068359
1 0.296631 0.440755 0.104004 0.036458
1 0.343750 0.404948 0.078125 0.032552
1 0.418213 0.384115 0.074707 0.013021
1 0.419434 0.401042 0.077148 0.026042
1 0.416260 0.425781 0.020020 0.053385
1 0.445557 0.419922 0.017090 0.080729
2 0.279297 0.377604 0.048828 0.057292
3 0.291260 0.364909 0.192871 0.033203
11 0.405762 0.339518 0.026367 0.054036
11 0.371338 0.354818 0.023926 0.045573
11 0.331055 0.361003 0.046875 0.041016
4 0.376709 0.362956 0.034668 0.033203
9 0.429932 0.335612 0.028809 0.061849
17 0.346191 0.405599 0.321289 0.244792
