0 0.428711 0.375326 0.017578 0.047526
0 0.395508 0.408854 0.035156 0.074219
1 0.360840 0.375326 0.062500 0.020182
1 0.320801 0.402018 0.113281 0.021484
1 0.289307 0.386068 0.032715 0.024740
2 0.331299 0.409831 0.045410 0.055339
3 0.340088 0.400391 0.107910 0.100260
4 0.376221 0.356445 0.032715 0.035807
11 0.404053 0.353516 0.022949 0.050781
11 0.442139 0.395508 0.030762 0.076172
11 0.261719 0.380859 0.036133 0.067708
9 0.312256 0.342122 0.039551 0.057943
10 0.458252 0.349609 0.025879 0.087240
17 0.349365 0.415039 0.331543 0.235026
