0 0.301758 0.406250 0.102539 0.031250
0 0.380127 0.430339 0.052246 0.032552
1 0.336426 0.455404 0.107422 0.025391
1 0.296387 0.439779 0.089844 0.016276
1 0.354004 0.410807 0.048828 0.036458
1 0.390381 0.396159 0.054199 0.048828
1 0.352051 0.388021 0.102539 0.032552
1 0.329590 0.371094 0.100586 0.031250
2 0.393799 0.356445 0.050293 0.061849
3 0.372803 0.377930 0.096191 0.068359
4 0.465088 0.407227 0.025879 0.037109
11 0.452881 0.372070 0.059082 0.035807
11 0.444336 0.412760 0.024414 0.037760
9 0.423340 0.428385 0.069336 0.052083
17 0.349121 0.421549 0.338867 0.215495
