0 0.312256 0.399740 0.043457 0.041667
1 0.381592 0.367188 0.067871 0.019531
1 0.383545 0.384766 0.074707 0.019531
1 0.373047 0.410482 0.083008 0.026693
1 0.282227 0.409831 0.046875 0.033203
1 0.254639 0.431641 0.048340 0.035156
1 0.345215 0.403646 0.022461 0.041667
2 0.437256 0.369466 0.052246 0.059245
3 0.381348 0.399089 0.063477 0.080729
4 0.402588 0.440755 0.043457 0.040365
11 0.436768 0.414714 0.047363 0.044271
11 0.362305 0.448568 0.036133 0.045573
9 0.313477 0.446289 0.055664 0.046224
17 0.349854 0.425130 0.334473 0.204427
