0 0.410889 0.384766 0.085449 0.024740
0 0.362549 0.369792 0.052246 0.022135
1 0.432129 0.414714 0.020508 0.052083
1 0.362549 0.369141 0.072754 0.019531
1 0.390137 0.373047 0.059570 0.016927
1 0.325928 0.377604 0.069824 0.028646
1 0.300293 0.390951 0.024414 0.031901
1 0.345215 0.409505 0.083008 0.037760
2 0.354004 0.425456 0.055664 0.059245
3 0.336426 0.416667 0.120117 0.119792
4 0.233887 0.417969 0.030273 0.033854
11 0.265381 0.432292 0.057129 0.055990
11 0.242920 0.386068 0.029785 0.050781
9 0.259766 0.367188 0.035156 0.080729
17 0.347168 0.424479 0.329102 0.203125
