0 0.623047 0.336914 0.026367 0.031901
2 0.544922 0.422201 0.057617 0.067057
2 0.576172 0.372396 0.026367 0.046875
3 0.541504 0.346680 0.086914 0.083984
6 0.557129 0.390951 0.069336 0.031901
7 0.645020 0.387044 0.029297 0.145182
11 0.621338 0.370768 0.023926 0.051432
11 0.680420 0.401693 0.032715 0.044271
9 0.615967 0.429688 0.034668 0.089844
10 0.711426 0.370768 0.040039 0.133464
10 0.576172 0.309896 0.035156 0.074219
12 0.597168 0.369141 0.031250 0.143229
17 0.613037 0.383789 0.267090 0.232422
