0 0.584717 0.340495 0.020996 0.037760
2 0.680420 0.416016 0.065918 0.063802
2 0.583008 0.407878 0.055664 0.059245
2 0.511963 0.401693 0.034668 0.059896
3 0.586426 0.409505 0.069336 0.162760
6 0.675049 0.381185 0.017090 0.064453
7 0.628174 0.341146 0.027832 0.140625
11 0.589600 0.369141 0.029785 0.041667
11 0.598877 0.360352 0.025879 0.064453
9 0.676758 0.347331 0.020508 0.034505
10 0.572754 0.310221 0.038086 0.081380
10 0.544922 0.396484 0.036133 0.147135
12 0.656006 0.350911 0.034668 0.130208
17 0.607666 0.376953 0.258301 0.246094
