0 0.425049 0.393555 0.092285 0.029297
0 0.402344 0.367188 0.033203 0.031250
1 0.412354 0.424805 0.062988 0.052734
1 0.359131 0.377930 0.038574 0.041016
1 0.406006 0.372396 0.104004 0.014323
1 0.419678 0.379883 0.062988 0.016276
1 0.355225 0.419271 0.036621 0.036458
1 0.331299 0.383464 0.017090 0.036458
2 0.312012 0.424479 0.057617 0.058594
3 0.282715 0.407227 0.123047 0.106120
4 0.248047 0.385742 0.029297 0.025391
11 0.248047 0.411458 0.057617 0.036458
11 0.273438 0.365560 0.030273 0.059245
9 0.294678 0.347005 0.032715 0.074219
17 0.348145 0.410807 0.338867 0.240885
