0 0.591309 0.469727 0.107422 0.029297
2 0.585938 0.353516 0.046875 0.036458
2 0.647217 0.385091 0.052246 0.047526
2 0.687256 0.429688 0.057129 0.053385
3 0.656006 0.393555 0.059082 0.176432
6 0.529297 0.440755 0.084961 0.040365
7 0.648926 0.321615 0.035156 0.098958
11 0.576172 0.411458 0.044922 0.045573
11 0.619629 0.416992 0.057617 0.044922
11 0.607422 0.448568 0.067383 0.040365
9 0.525879 0.404948 0.046875 0.046875
10 0.525879 0.376953 0.078125 0.048177
10 0.711426 0.354818 0.038086 0.098958
12 0.595215 0.375651 0.062500 0.045573
17 0.603516 0.379232 0.267578 0.238932
