0 0.326172 0.385417 0.031250 0.037760
0 0.260010 0.421224 0.019043 0.032552
1 0.388672 0.423828 0.095703 0.032552
1 0.400391 0.337891 0.087891 0.019531
1 0.338135 0.384766 0.069824 0.084635
2 0.388184 0.362305 0.041992 0.041016
3 0.366211 0.360352 0.100586 0.077474
4 0.300049 0.448242 0.057129 0.037109
11 0.286133 0.359701 0.031250 0.048828
11 0.279297 0.402018 0.029297 0.048828
11 0.441895 0.381510 0.039062 0.072917
9 0.381836 0.417643 0.040039 0.082682
10 0.240967 0.372070 0.034668 0.091797
17 0.346436 0.417318 0.328613 0.223958
