0 0.403809 0.380859 0.094727 0.031250
0 0.311768 0.384766 0.061035 0.026042
1 0.392090 0.431641 0.118164 0.022135
1 0.371338 0.409831 0.072754 0.025391
1 0.362549 0.393555 0.045410 0.025391
1 0.334229 0.392904 0.032715 0.026693
1 0.350342 0.362956 0.112793 0.024089
2 0.312012 0.426107 0.055664 0.047526
3 0.374756 0.432943 0.069824 0.071615
4 0.246094 0.391602 0.024414 0.021484
11 0.251709 0.414714 0.061035 0.048177
11 0.270508 0.379883 0.029297 0.030599
9 0.298584 0.361328 0.050293 0.029948
17 0.347900 0.432292 0.330566 0.204427
