2 0.534668 0.376628 0.024414 0.056641
2 0.557129 0.402995 0.026367 0.065104
2 0.652588 0.432292 0.063965 0.059896
3 0.541504 0.406576 0.062500 0.123047
6 0.633301 0.370443 0.052734 0.040365
7 0.582764 0.386393 0.037598 0.151693
11 0.614502 0.385091 0.043457 0.030599
11 0.558838 0.347005 0.022949 0.031250
9 0.664795 0.373698 0.036621 0.046875
10 0.513672 0.362630 0.036133 0.128906
10 0.690674 0.398438 0.059082 0.049479
12 0.615723 0.419922 0.052734 0.074219
17 0.611084 0.391276 0.260254 0.214844
