0 0.451172 0.385417 0.051758 0.041667
0 0.412842 0.432292 0.036621 0.052083
1 0.352295 0.447917 0.095215 0.044271
1 0.362061 0.345703 0.090332 0.015625
2 0.350586 0.368164 0.040039 0.048828
3 0.266846 0.416992 0.085449 0.111328
3 0.301270 0.384440 0.134766 0.046224
11 0.322266 0.367188 0.030273 0.046875
11 0.343506 0.330729 0.034668 0.046875
4 0.270508 0.401042 0.033203 0.026042
5 0.395752 0.363932 0.050293 0.059896
9 0.381348 0.402018 0.034180 0.048828
10 0.333252 0.417969 0.055176 0.035156
17 0.345947 0.410807 0.335449 0.226562
