0 0.574219 0.356771 0.084961 0.031250
2 0.611084 0.447917 0.059082 0.065104
2 0.631836 0.406250 0.044922 0.046875
3 0.645752 0.393229 0.192871 0.144531
6 0.640381 0.347656 0.045410 0.036458
7 0.563721 0.314779 0.029785 0.087891
11 0.555420 0.380534 0.029785 0.063151
11 0.591309 0.383789 0.034180 0.060547
11 0.548340 0.419922 0.057617 0.048177
9 0.583008 0.330729 0.020508 0.041667
10 0.668213 0.406901 0.036621 0.141927
10 0.506836 0.359701 0.035156 0.128255
12 0.607422 0.310872 0.031250 0.106120
17 0.607422 0.372070 0.278320 0.249349
