0 0.380127 0.416667 0.036621 0.072917
0 0.414795 0.384440 0.034668 0.030599
1 0.418213 0.423503 0.017090 0.050130
1 0.452881 0.400391 0.031738 0.067708
1 0.277588 0.422852 0.020996 0.072266
1 0.324219 0.401693 0.033203 0.055990
1 0.343506 0.384115 0.067871 0.035156
2 0.281006 0.375651 0.052246 0.046875
3 0.298340 0.397461 0.173828 0.080078
4 0.377686 0.354492 0.027832 0.034505
11 0.343262 0.355469 0.034180 0.036458
11 0.404053 0.362630 0.042480 0.033854
9 0.441895 0.353516 0.034180 0.042969
17 0.347412 0.428385 0.332520 0.204427
