0 0.326172 0.384766 0.031250 0.040365
0 0.291016 0.421875 0.032227 0.031250
1 0.296387 0.393555 0.018555 0.041016
1 0.253418 0.402344 0.015625 0.018229
1 0.332520 0.401042 0.058594 0.041667
1 0.373047 0.409505 0.107422 0.020833
1 0.388672 0.396159 0.050781 0.042318
1 0.407715 0.369141 0.020508 0.019531
2 0.435547 0.387044 0.046875 0.052734
3 0.383057 0.407878 0.062988 0.073568
4 0.331299 0.456055 0.047363 0.044922
11 0.302002 0.445964 0.041504 0.044271
11 0.388672 0.439453 0.050781 0.044271
9 0.255127 0.432292 0.045410 0.057292
17 0.349854 0.431315 0.332520 0.202474
