0 0.393311 0.439779 0.099121 0.042318
0 0.294922 0.440430 0.080078 0.043620
1 0.380127 0.359701 0.059082 0.027995
1 0.251465 0.432943 0.033203 0.037760
2 0.385010 0.375326 0.044434 0.050130
3 0.320801 0.375326 0.055664 0.059245
3 0.319336 0.369792 0.178711 0.026042
11 0.460938 0.393880 0.052734 0.053385
11 0.421631 0.361654 0.036621 0.069661
11 0.353760 0.362630 0.023926 0.057292
4 0.325928 0.371419 0.032715 0.034505
5 0.385254 0.395182 0.048828 0.075521
9 0.322510 0.413411 0.074707 0.048177
10 0.281006 0.399089 0.054199 0.048177
17 0.347900 0.418620 0.327637 0.227865
