0 0.497803 0.419271 0.044434 0.065104
2 0.579590 0.437826 0.051758 0.063151
2 0.612305 0.415365 0.024414 0.050781
3 0.629883 0.398438 0.189453 0.140625
6 0.513672 0.384766 0.026367 0.046875
7 0.671631 0.369792 0.034668 0.147135
11 0.544922 0.388997 0.046875 0.051432
11 0.527588 0.416992 0.038574 0.043620
11 0.581299 0.392253 0.036621 0.039714
9 0.558350 0.362630 0.054199 0.033854
10 0.591553 0.355794 0.055176 0.042318
10 0.637451 0.409831 0.029785 0.134766
17 0.602783 0.389974 0.268066 0.203125
