0 0.574219 0.354818 0.076172 0.024740
2 0.631592 0.406576 0.052246 0.046224
2 0.616211 0.446615 0.060547 0.065104
3 0.646973 0.394206 0.182617 0.149089
6 0.640381 0.347005 0.052246 0.035156
7 0.560547 0.312826 0.031250 0.078776
11 0.557129 0.375326 0.031250 0.061849
11 0.593018 0.387695 0.036621 0.067057
11 0.554688 0.424154 0.064453 0.041016
9 0.579346 0.333333 0.015137 0.041667
10 0.675293 0.399089 0.040039 0.139323
10 0.508301 0.363932 0.038086 0.135417
12 0.603760 0.326497 0.036621 0.115234
17 0.607666 0.377604 0.277832 0.235677
