0 0.437256 0.414714 0.063965 0.040365
0 0.435547 0.368490 0.074219 0.033854
1 0.343018 0.347331 0.123535 0.024089
1 0.390381 0.441081 0.110840 0.030599
2 0.343506 0.375326 0.038574 0.035807
3 0.304688 0.407878 0.181641 0.035807
3 0.283936 0.424805 0.151855 0.087891
11 0.315430 0.346680 0.035156 0.051432
11 0.325928 0.390951 0.040527 0.061849
4 0.282715 0.424805 0.038086 0.034505
5 0.371094 0.359701 0.015625 0.048828
9 0.396729 0.385417 0.031738 0.037760
10 0.371826 0.410156 0.065918 0.041667
17 0.347412 0.415039 0.335449 0.224609
