0 0.329590 0.447917 0.060547 0.065104
0 0.427002 0.423503 0.052246 0.050130
1 0.272461 0.444010 0.013672 0.046875
1 0.388428 0.353516 0.020996 0.036458
2 0.373047 0.370768 0.042969 0.046224
3 0.301514 0.386393 0.123535 0.052734
3 0.334717 0.390951 0.104004 0.069661
11 0.340088 0.361654 0.032715 0.048828
11 0.402588 0.336589 0.036621 0.048177
11 0.449219 0.379232 0.046875 0.050130
4 0.296631 0.375326 0.029785 0.026693
5 0.396973 0.386393 0.035156 0.057943
9 0.333008 0.413411 0.064453 0.050781
10 0.296631 0.402669 0.039551 0.073568
17 0.348877 0.417318 0.329590 0.213542
