0 0.579346 0.344076 0.047363 0.047526
2 0.551758 0.429688 0.055664 0.062500
2 0.627930 0.421875 0.023438 0.046875
2 0.677979 0.390625 0.055176 0.062500
3 0.595215 0.406576 0.198242 0.155599
6 0.666260 0.361328 0.050293 0.050781
7 0.598389 0.306315 0.028809 0.080078
11 0.527588 0.387044 0.034668 0.030599
11 0.569092 0.357096 0.032715 0.072266
11 0.579834 0.384766 0.027832 0.069010
10 0.531006 0.330404 0.029785 0.129557
10 0.604004 0.414714 0.040039 0.138021
12 0.640137 0.329102 0.031250 0.126953
17 0.605469 0.369466 0.254883 0.236328
