0 0.661133 0.375326 0.027344 0.025391
2 0.532715 0.407878 0.055664 0.059245
2 0.609131 0.375977 0.022949 0.042318
3 0.551758 0.354818 0.080078 0.084635
6 0.553467 0.388021 0.059082 0.036458
7 0.633057 0.386393 0.036621 0.151693
11 0.655762 0.394531 0.026367 0.082031
11 0.680176 0.401693 0.033203 0.044271
9 0.600342 0.429688 0.036621 0.087240
10 0.710938 0.371745 0.041992 0.140625
10 0.598145 0.299154 0.036133 0.073568
12 0.587891 0.371094 0.033203 0.147135
17 0.612061 0.378255 0.270020 0.244792
