0 0.389893 0.347656 0.054199 0.031250
0 0.454590 0.377930 0.033203 0.025391
1 0.444336 0.407227 0.080078 0.034505
1 0.308838 0.361003 0.107910 0.073568
2 0.310547 0.384766 0.041992 0.050781
3 0.320557 0.412760 0.138184 0.078125
3 0.341553 0.445312 0.186035 0.078125
11 0.270508 0.372396 0.036133 0.079427
11 0.336182 0.395182 0.042480 0.061198
4 0.341797 0.437500 0.057617 0.031250
5 0.347168 0.367839 0.040039 0.065104
9 0.404053 0.375977 0.050293 0.039714
10 0.423096 0.394206 0.061035 0.059245
17 0.349121 0.424479 0.322266 0.217448
