0 0.294922 0.394857 0.035156 0.026693
0 0.350586 0.386068 0.040039 0.022135
1 0.329590 0.380859 0.100586 0.078125
1 0.423340 0.349284 0.060547 0.044922
1 0.373047 0.447266 0.053711 0.037760
2 0.397217 0.375326 0.034668 0.054036
3 0.404297 0.363932 0.129883 0.067708
4 0.265381 0.434245 0.039551 0.041667
11 0.421631 0.401693 0.034668 0.078125
11 0.315918 0.354818 0.031250 0.053385
11 0.267090 0.388346 0.038086 0.055339
9 0.333008 0.416992 0.041016 0.089193
10 0.258545 0.337891 0.027832 0.061198
17 0.349609 0.415690 0.331055 0.235026
