0 0.628418 0.365560 0.024414 0.060547
2 0.699463 0.377279 0.023926 0.042318
2 0.609131 0.383464 0.015137 0.048177
2 0.520508 0.387370 0.033203 0.062500
3 0.655762 0.361003 0.124023 0.143880
6 0.534668 0.361003 0.022461 0.043620
7 0.583008 0.386068 0.033203 0.144531
11 0.630127 0.411458 0.041504 0.079427
11 0.630127 0.368490 0.027832 0.026042
9 0.543213 0.411784 0.036621 0.078776
10 0.652588 0.314128 0.027832 0.090495
10 0.677979 0.400716 0.036621 0.156901
12 0.563965 0.362956 0.028320 0.145182
17 0.610352 0.381836 0.281250 0.240234
