0 0.356934 0.458659 0.034180 0.061849
0 0.442627 0.415365 0.043457 0.042969
1 0.378174 0.361003 0.061035 0.041016
1 0.367920 0.322266 0.107910 0.019531
2 0.389893 0.386068 0.049316 0.050781
3 0.350342 0.370117 0.081543 0.106120
11 0.407227 0.352214 0.035156 0.028646
11 0.456299 0.370443 0.032715 0.040365
11 0.273926 0.380208 0.040039 0.035156
4 0.258545 0.402669 0.034668 0.056641
5 0.371338 0.332682 0.034668 0.040365
9 0.402100 0.430990 0.038574 0.058594
10 0.287842 0.434570 0.061035 0.061849
17 0.348389 0.413737 0.332520 0.231120
