0 0.396973 0.408203 0.038086 0.066406
0 0.395752 0.377930 0.050293 0.026693
1 0.432129 0.409831 0.038086 0.037109
1 0.444092 0.384115 0.064941 0.037760
1 0.301758 0.434245 0.056641 0.066406
1 0.326172 0.401693 0.064453 0.037760
1 0.364258 0.409180 0.031250 0.025391
2 0.267090 0.390951 0.055664 0.048828
3 0.303467 0.416667 0.138184 0.092448
4 0.340088 0.361979 0.022949 0.033854
11 0.306885 0.363281 0.047363 0.044271
11 0.364258 0.353841 0.033203 0.030599
9 0.409424 0.348958 0.050293 0.037760
17 0.347168 0.420573 0.329102 0.220052
