0 0.412842 0.360352 0.065918 0.029297
0 0.446045 0.390951 0.057129 0.030599
1 0.423340 0.424154 0.120117 0.020182
1 0.322754 0.348958 0.125000 0.046875
2 0.324219 0.376628 0.062500 0.050130
3 0.322754 0.430990 0.151367 0.082031
3 0.305420 0.402669 0.173340 0.050130
11 0.291504 0.359701 0.038086 0.078776
11 0.326172 0.379557 0.027344 0.058594
4 0.294922 0.425781 0.035156 0.023438
5 0.365479 0.361979 0.040527 0.049479
9 0.400879 0.376628 0.027344 0.041016
10 0.407715 0.417969 0.086914 0.041667
17 0.348389 0.421549 0.337402 0.218099
