0 0.709961 0.409180 0.040039 0.044922
2 0.588379 0.369466 0.051758 0.044922
2 0.631592 0.352865 0.036621 0.037760
2 0.544678 0.416667 0.060059 0.065104
3 0.571045 0.347656 0.135254 0.065104
6 0.711182 0.431966 0.051270 0.077474
7 0.550049 0.333008 0.036621 0.103516
11 0.666504 0.369792 0.033203 0.050781
11 0.668213 0.399740 0.048340 0.037760
11 0.635254 0.406576 0.041992 0.039714
9 0.666260 0.430664 0.050293 0.048828
10 0.577637 0.304688 0.028320 0.062500
10 0.616211 0.442057 0.095703 0.066406
12 0.588623 0.396484 0.064941 0.053385
17 0.613037 0.381185 0.265137 0.231120
