0 0.668213 0.376628 0.032715 0.024089
2 0.596924 0.431641 0.063965 0.066406
2 0.576172 0.379232 0.042969 0.043620
3 0.536133 0.370443 0.147461 0.100260
6 0.695801 0.392904 0.068359 0.042318
7 0.548584 0.369141 0.043457 0.149740
11 0.627930 0.354492 0.044922 0.043620
11 0.633545 0.393555 0.048340 0.041016
9 0.685547 0.399089 0.060547 0.042969
10 0.673584 0.434570 0.097168 0.052734
10 0.524170 0.336589 0.027832 0.106771
12 0.588379 0.407552 0.100586 0.044271
17 0.599365 0.384440 0.283691 0.216797
