0 0.358643 0.354818 0.038574 0.022135
0 0.426758 0.367188 0.053711 0.031250
1 0.250977 0.385417 0.085938 0.037760
1 0.324463 0.368490 0.069824 0.050781
2 0.330811 0.390951 0.044434 0.046224
3 0.346924 0.378255 0.072754 0.135417
11 0.279053 0.367188 0.038574 0.036458
11 0.282471 0.411458 0.025879 0.050781
11 0.362061 0.438477 0.041504 0.044922
4 0.407715 0.440430 0.053711 0.047526
5 0.258057 0.419271 0.040527 0.061198
9 0.409668 0.350586 0.040039 0.048828
10 0.445801 0.383464 0.022461 0.048177
17 0.345947 0.412760 0.332520 0.230469
