0 0.312256 0.387370 0.041504 0.031250
0 0.265381 0.410156 0.057129 0.042969
1 0.263672 0.417318 0.035156 0.039062
1 0.273926 0.399089 0.017578 0.048177
1 0.281006 0.439128 0.025879 0.027995
1 0.312256 0.437826 0.076660 0.031901
1 0.374756 0.401367 0.020996 0.027995
1 0.345215 0.375326 0.051758 0.014974
2 0.431885 0.370768 0.048340 0.050130
3 0.404297 0.376628 0.158203 0.065755
11 0.436768 0.416667 0.050293 0.052083
11 0.357178 0.440430 0.040527 0.072266
4 0.402100 0.438477 0.049316 0.044922
9 0.312256 0.429688 0.045410 0.087240
17 0.350098 0.426432 0.327148 0.205729
