0 0.338379 0.377279 0.026367 0.041016
0 0.292725 0.392253 0.039551 0.018880
1 0.294922 0.385417 0.029297 0.041667
1 0.305176 0.411784 0.072266 0.029297
1 0.293213 0.429688 0.067871 0.018229
1 0.359131 0.414714 0.095215 0.048177
1 0.383545 0.368490 0.052246 0.032552
3 0.425049 0.407878 0.194824 0.100911
4 0.344971 0.454427 0.054199 0.044271
2 0.437256 0.385417 0.048340 0.044271
11 0.296631 0.433919 0.022949 0.065755
11 0.390381 0.439779 0.059082 0.044922
9 0.261475 0.419596 0.036621 0.083984
17 0.353027 0.430339 0.348633 0.200521
