2 0.614258 0.431966 0.062500 0.061849
2 0.576172 0.377604 0.027344 0.044271
3 0.510010 0.401042 0.083496 0.088542
6 0.679932 0.384115 0.064941 0.032552
7 0.553467 0.376628 0.030762 0.152995
11 0.610352 0.352214 0.043945 0.042969
11 0.631592 0.390951 0.050293 0.038411
11 0.612305 0.376628 0.051758 0.035807
9 0.683838 0.392904 0.039551 0.042318
10 0.686768 0.428060 0.092285 0.064453
10 0.520752 0.341471 0.036621 0.121745
12 0.600586 0.417969 0.093750 0.066406
17 0.603760 0.387044 0.280762 0.222005
