0 0.355713 0.354818 0.032715 0.033854
1 0.308350 0.361654 0.086426 0.089193
1 0.442627 0.393555 0.052246 0.037109
2 0.317383 0.392253 0.044922 0.051432
3 0.367920 0.445964 0.224121 0.091146
3 0.369629 0.410807 0.102539 0.084635
11 0.352051 0.405599 0.030273 0.063802
11 0.275391 0.391276 0.028320 0.092448
11 0.244141 0.401693 0.026367 0.052083
4 0.383301 0.430990 0.040039 0.035156
5 0.322754 0.354492 0.044922 0.042318
9 0.390381 0.371094 0.043457 0.044271
10 0.424561 0.388346 0.038574 0.037109
17 0.347168 0.414714 0.326172 0.226562
