0 0.711426 0.438802 0.026367 0.065104
2 0.531006 0.394206 0.057129 0.069661
2 0.611084 0.370117 0.050293 0.042318
2 0.669922 0.362305 0.041992 0.037109
3 0.631592 0.345378 0.097168 0.095703
6 0.672852 0.453776 0.041992 0.062500
7 0.567383 0.324219 0.038086 0.113281
11 0.624756 0.410807 0.034668 0.044271
11 0.675293 0.393555 0.055664 0.050130
11 0.680420 0.422201 0.041504 0.043620
9 0.617676 0.447266 0.059570 0.058594
10 0.563477 0.432943 0.059570 0.074219
10 0.631348 0.315430 0.032227 0.083984
12 0.575684 0.391602 0.056641 0.064453
17 0.606934 0.376953 0.257812 0.242188
