0 0.708008 0.400391 0.041992 0.035156
2 0.622803 0.353190 0.032715 0.044922
2 0.585938 0.372396 0.049805 0.046875
2 0.546631 0.415365 0.054199 0.059896
3 0.565186 0.349284 0.151855 0.077474
6 0.711426 0.425130 0.040039 0.045573
7 0.550049 0.336589 0.041504 0.113281
11 0.656006 0.368490 0.034668 0.042969
11 0.661133 0.392904 0.057617 0.042318
11 0.636963 0.404297 0.041504 0.042969
9 0.671631 0.432617 0.055176 0.056641
10 0.572266 0.300781 0.020508 0.070312
10 0.626465 0.439453 0.100586 0.065104
12 0.593506 0.402669 0.061035 0.048828
17 0.612305 0.374674 0.260742 0.240234
