0 0.315674 0.406576 0.050293 0.035807
0 0.315674 0.437826 0.038574 0.031901
1 0.348389 0.367188 0.022949 0.055990
1 0.402344 0.406576 0.062500 0.030599
1 0.324463 0.341797 0.097168 0.019531
2 0.349854 0.362630 0.045410 0.046875
3 0.356934 0.349284 0.139648 0.046224
4 0.406006 0.439779 0.054199 0.044922
11 0.419922 0.349609 0.035156 0.074219
11 0.256836 0.401042 0.022461 0.072917
11 0.358887 0.419596 0.030273 0.070964
9 0.445801 0.375977 0.032227 0.072266
10 0.278809 0.410807 0.035156 0.097656
17 0.350098 0.413411 0.334961 0.235677
