0 0.406006 0.388021 0.086426 0.050781
0 0.340088 0.378581 0.063965 0.024089
1 0.370850 0.441081 0.113770 0.030599
1 0.365967 0.394531 0.025879 0.028646
1 0.353760 0.416016 0.092285 0.016927
1 0.331299 0.393555 0.034668 0.021484
1 0.427979 0.383464 0.062988 0.016927
1 0.388672 0.366862 0.111328 0.016276
2 0.284424 0.416667 0.052246 0.057292
3 0.345215 0.437826 0.076172 0.093099
4 0.270508 0.377279 0.024414 0.021484
11 0.254883 0.396484 0.046875 0.037760
11 0.298340 0.372396 0.040039 0.041667
9 0.334473 0.351562 0.048828 0.040365
17 0.347656 0.421875 0.331055 0.196615
