0 0.374756 0.425456 0.045410 0.077474
0 0.435547 0.400391 0.029297 0.058594
1 0.362549 0.375977 0.081543 0.024089
1 0.341797 0.383464 0.066406 0.029948
1 0.281006 0.394206 0.081543 0.034505
2 0.310547 0.401367 0.044922 0.052734
3 0.306641 0.384115 0.145508 0.080729
4 0.406006 0.363281 0.022949 0.037760
11 0.279297 0.355143 0.029297 0.061849
11 0.426270 0.362305 0.024414 0.056641
11 0.416260 0.410807 0.027832 0.062500
9 0.350098 0.337240 0.028320 0.065104
10 0.463379 0.365885 0.031250 0.097656
17 0.347900 0.409180 0.336426 0.244141
