0 0.450928 0.385417 0.052246 0.026042
1 0.445801 0.409180 0.086914 0.034505
1 0.260254 0.385417 0.041992 0.020833
2 0.312256 0.378255 0.052246 0.062500
3 0.341553 0.448242 0.188965 0.081380
3 0.301758 0.393555 0.135742 0.083984
11 0.334961 0.394531 0.046875 0.040365
11 0.338379 0.335938 0.044922 0.040365
11 0.392090 0.352865 0.029297 0.035156
4 0.329590 0.432943 0.051758 0.040365
5 0.348633 0.356120 0.026367 0.032552
9 0.402832 0.388997 0.036133 0.054036
10 0.372803 0.379883 0.044434 0.091797
17 0.348145 0.420573 0.333984 0.221354
