0 0.414551 0.419922 0.069336 0.048177
0 0.435547 0.390951 0.029297 0.044922
1 0.343506 0.439453 0.121582 0.035156
1 0.340088 0.401042 0.039551 0.041667
1 0.393555 0.375326 0.058594 0.025391
1 0.400635 0.383464 0.029785 0.031250
1 0.450928 0.392904 0.075684 0.041016
1 0.447754 0.408854 0.029297 0.019531
2 0.268799 0.403320 0.057129 0.052734
3 0.280762 0.386068 0.179688 0.069010
4 0.317383 0.371745 0.022461 0.032552
11 0.340088 0.344727 0.025879 0.048828
11 0.275879 0.371094 0.044922 0.031250
9 0.369873 0.333984 0.028809 0.066406
17 0.345703 0.410156 0.329102 0.242188
