0 0.690918 0.459961 0.053711 0.044922
2 0.536133 0.368815 0.055664 0.050130
2 0.622559 0.376628 0.057617 0.050130
2 0.688965 0.379883 0.046875 0.044922
3 0.661377 0.369141 0.114746 0.132812
6 0.628174 0.470378 0.065918 0.041016
7 0.590088 0.323893 0.032715 0.113932
11 0.609131 0.417318 0.038574 0.039062
11 0.669922 0.400065 0.062500 0.050130
11 0.669434 0.430664 0.032227 0.046224
9 0.579590 0.439779 0.041992 0.067057
10 0.666504 0.321615 0.033203 0.084635
10 0.538086 0.418620 0.038086 0.079427
12 0.579834 0.388346 0.030762 0.059245
17 0.605469 0.381185 0.262695 0.242839
