0 0.496338 0.407227 0.027832 0.048828
2 0.568604 0.440430 0.054199 0.068359
2 0.603516 0.417318 0.020508 0.054688
2 0.667969 0.367839 0.051758 0.045573
3 0.619629 0.399740 0.205078 0.153646
6 0.518311 0.370117 0.020020 0.043620
7 0.671387 0.375977 0.034180 0.142578
11 0.575684 0.391602 0.032227 0.038411
11 0.536377 0.387370 0.052246 0.045573
11 0.520752 0.416667 0.027832 0.032552
9 0.562500 0.361003 0.046875 0.037109
10 0.626465 0.407878 0.041992 0.162109
10 0.595459 0.348958 0.041504 0.036458
12 0.638916 0.394531 0.101074 0.057292
17 0.602783 0.395508 0.258301 0.195964
