0 0.418213 0.367839 0.069824 0.029948
0 0.451172 0.399740 0.055664 0.028646
1 0.328125 0.346680 0.125000 0.037109
1 0.419922 0.423828 0.105469 0.019531
2 0.331299 0.375977 0.045410 0.048828
3 0.324463 0.433919 0.152832 0.097005
3 0.282715 0.415690 0.138672 0.048828
11 0.326172 0.385091 0.019531 0.050130
11 0.294922 0.363607 0.031250 0.063151
4 0.296631 0.432943 0.039551 0.040365
5 0.362793 0.361328 0.038086 0.050781
9 0.407227 0.386393 0.041992 0.048828
10 0.395752 0.414388 0.067871 0.047526
17 0.347656 0.421875 0.331055 0.208333
