0 0.600586 0.340495 0.060547 0.033854
2 0.501221 0.380534 0.023926 0.048828
2 0.572754 0.401693 0.051758 0.055990
2 0.668213 0.426107 0.059082 0.076172
3 0.562012 0.401367 0.076172 0.166016
6 0.666504 0.393555 0.038086 0.051432
7 0.657471 0.313477 0.036621 0.068359
11 0.591797 0.367839 0.027344 0.049479
11 0.612549 0.367188 0.027832 0.078125
9 0.685547 0.363607 0.024414 0.063151
10 0.522461 0.376628 0.033203 0.132161
10 0.600586 0.299154 0.038086 0.081380
12 0.655518 0.342122 0.040527 0.112630
17 0.610352 0.375977 0.255859 0.249349
