0 0.411133 0.438477 0.069336 0.026693
0 0.327637 0.441081 0.057617 0.055339
1 0.273926 0.438477 0.025391 0.072266
1 0.428223 0.391602 0.020508 0.064453
2 0.359131 0.352539 0.038574 0.061849
3 0.341797 0.362956 0.058594 0.098307
3 0.273926 0.392253 0.069336 0.065755
11 0.334717 0.369792 0.036621 0.040365
11 0.392090 0.340169 0.048828 0.041016
11 0.400879 0.407227 0.057617 0.056641
4 0.297852 0.376628 0.029297 0.026693
5 0.390381 0.371419 0.043457 0.039714
9 0.333008 0.409505 0.055664 0.055990
10 0.316162 0.363281 0.034668 0.088542
17 0.347412 0.415690 0.326660 0.231120
