0 0.574463 0.346680 0.032715 0.037109
2 0.543213 0.426107 0.050293 0.057943
2 0.624756 0.423503 0.029785 0.052734
2 0.678467 0.393555 0.057129 0.061849
3 0.595215 0.409831 0.194336 0.155599
6 0.674805 0.361979 0.041016 0.052083
7 0.602295 0.307617 0.034668 0.082682
11 0.531006 0.387370 0.043457 0.035156
11 0.563721 0.363607 0.021973 0.063151
11 0.575928 0.385417 0.023926 0.067708
10 0.532227 0.325521 0.035156 0.121094
10 0.598877 0.409505 0.043457 0.143229
12 0.635010 0.336589 0.025879 0.131510
17 0.607666 0.377279 0.261230 0.238932
