0 0.423096 0.377930 0.020020 0.037109
0 0.423340 0.404948 0.091797 0.032552
1 0.433838 0.375977 0.095215 0.033203
1 0.435547 0.393555 0.057617 0.027995
1 0.383301 0.385742 0.024414 0.057943
1 0.357422 0.368815 0.036133 0.029297
1 0.338379 0.408529 0.013672 0.043620
1 0.376465 0.437826 0.091797 0.042318
2 0.279297 0.408203 0.051758 0.050781
3 0.289551 0.391602 0.154297 0.097005
4 0.282227 0.376953 0.025391 0.028646
11 0.254883 0.392904 0.044922 0.034505
11 0.303711 0.349609 0.024414 0.058594
9 0.334717 0.336589 0.025879 0.074219
17 0.348633 0.408529 0.333008 0.238932
