0 0.313965 0.378581 0.040039 0.024089
0 0.348633 0.376628 0.029297 0.018880
1 0.327881 0.437826 0.022949 0.063151
1 0.435547 0.352539 0.026367 0.061849
1 0.343506 0.376628 0.086426 0.042318
2 0.411377 0.384115 0.036621 0.055990
3 0.424561 0.377279 0.142090 0.072266
4 0.252930 0.414714 0.040039 0.041667
11 0.268555 0.372721 0.026367 0.052734
11 0.354004 0.341471 0.024414 0.043620
11 0.385010 0.419271 0.042480 0.083333
9 0.289551 0.415365 0.042969 0.080729
10 0.299561 0.343424 0.033691 0.089193
17 0.347900 0.406901 0.331543 0.240885
