0 0.702881 0.451172 0.034668 0.046875
2 0.529297 0.384115 0.055664 0.055990
2 0.617188 0.375326 0.047852 0.047526
2 0.676758 0.368490 0.052734 0.042969
3 0.643799 0.353841 0.114746 0.106120
6 0.659424 0.463216 0.048340 0.051432
7 0.575928 0.322591 0.032715 0.110026
11 0.622559 0.422201 0.047852 0.063151
11 0.674805 0.396810 0.059570 0.034505
11 0.676758 0.424805 0.041992 0.039714
9 0.603760 0.442057 0.053223 0.061198
10 0.555420 0.425130 0.045410 0.087240
10 0.646973 0.314128 0.029297 0.080078
12 0.575684 0.391602 0.043945 0.052734
17 0.606201 0.381510 0.267090 0.240885
