0 0.537842 0.458659 0.076660 0.051432
2 0.619141 0.346029 0.045898 0.042318
2 0.643799 0.392578 0.057129 0.044271
2 0.649170 0.443034 0.057129 0.067057
3 0.664551 0.393880 0.131836 0.154948
6 0.502686 0.410807 0.060059 0.045573
7 0.666504 0.330404 0.036133 0.090495
11 0.571045 0.438477 0.057129 0.034505
11 0.565186 0.398112 0.040527 0.030599
11 0.581055 0.417318 0.041016 0.046875
9 0.527344 0.386068 0.052734 0.046875
10 0.697754 0.387044 0.031250 0.137370
10 0.548340 0.358398 0.086914 0.035807
12 0.605713 0.384766 0.076660 0.050781
17 0.606934 0.387370 0.276367 0.216146
