0 0.298340 0.443685 0.033203 0.048828
0 0.282227 0.407878 0.095703 0.027995
1 0.307129 0.385417 0.051758 0.037760
1 0.375977 0.403646 0.041992 0.031250
1 0.386963 0.437826 0.017090 0.041016
1 0.348633 0.430339 0.031250 0.055990
1 0.285889 0.429688 0.076660 0.015625
1 0.292725 0.447917 0.134277 0.018229
2 0.391846 0.354818 0.052246 0.040365
3 0.406006 0.347656 0.074707 0.076823
11 0.468750 0.372070 0.031250 0.043620
11 0.451172 0.399740 0.026367 0.065104
4 0.468506 0.401367 0.023926 0.025391
9 0.423584 0.404948 0.029785 0.059896
17 0.352051 0.411133 0.331055 0.229818
