0 0.393555 0.424805 0.041992 0.056641
0 0.438965 0.401042 0.046875 0.041667
1 0.454590 0.409180 0.041992 0.056641
1 0.418213 0.391602 0.063965 0.035807
1 0.402588 0.378906 0.063965 0.020833
1 0.338379 0.401042 0.080078 0.040365
1 0.315186 0.441732 0.121582 0.026693
2 0.268799 0.387044 0.052246 0.057943
3 0.288086 0.381185 0.205078 0.065755
4 0.344727 0.364909 0.031250 0.033203
11 0.376465 0.341797 0.026367 0.045573
11 0.306641 0.365234 0.039062 0.035156
9 0.406006 0.335286 0.029785 0.063802
17 0.347900 0.409180 0.333496 0.233724
