0 0.388672 0.377930 0.066406 0.026693
0 0.333008 0.369792 0.060547 0.020833
1 0.437256 0.394857 0.045410 0.052734
1 0.322266 0.373698 0.053711 0.028646
1 0.355469 0.369792 0.058594 0.020833
1 0.310303 0.390951 0.092285 0.024089
1 0.281006 0.399089 0.050293 0.032552
1 0.330811 0.408529 0.063965 0.026693
2 0.388428 0.416992 0.055176 0.059245
3 0.379395 0.423503 0.164062 0.121745
4 0.255127 0.434570 0.043457 0.033203
11 0.294922 0.441732 0.041992 0.059245
11 0.240967 0.402669 0.034668 0.067057
9 0.238770 0.362956 0.036133 0.035807
17 0.347900 0.433268 0.331543 0.198568
