0 0.300293 0.402018 0.071289 0.034505
0 0.333252 0.430339 0.019043 0.024740
1 0.343262 0.408529 0.022461 0.037109
1 0.388672 0.400391 0.088867 0.040365
1 0.369141 0.387370 0.098633 0.016927
1 0.354004 0.367839 0.093750 0.023438
1 0.282227 0.424154 0.066406 0.025391
1 0.294922 0.452474 0.102539 0.029948
2 0.419922 0.355143 0.053711 0.051432
3 0.383057 0.385417 0.075684 0.074219
4 0.443604 0.426432 0.039551 0.028646
11 0.452393 0.392253 0.051270 0.042318
11 0.407715 0.434896 0.026367 0.046875
9 0.369141 0.444661 0.072266 0.059896
17 0.348145 0.429688 0.331055 0.209635
