0 0.403809 0.447266 0.059570 0.050781
0 0.450928 0.392904 0.023926 0.048828
1 0.338379 0.321289 0.093750 0.030599
1 0.371338 0.359375 0.074707 0.031250
2 0.374756 0.384115 0.032715 0.044271
3 0.355713 0.372396 0.086426 0.092448
11 0.270508 0.393555 0.048828 0.035807
11 0.430420 0.361328 0.067871 0.045573
11 0.379883 0.347656 0.038086 0.027344
4 0.260254 0.418294 0.036133 0.035807
5 0.343506 0.336589 0.027832 0.029948
9 0.429932 0.417318 0.055176 0.046875
10 0.307373 0.441732 0.077637 0.052734
17 0.347168 0.414062 0.326172 0.240885
