0 0.287842 0.399740 0.034668 0.033854
0 0.373047 0.377279 0.083008 0.026693
1 0.392090 0.392578 0.024414 0.027344
1 0.433838 0.401042 0.065918 0.036458
1 0.336426 0.414714 0.040039 0.049479
1 0.334229 0.402344 0.064941 0.022135
1 0.294922 0.377930 0.064453 0.037109
1 0.353760 0.375000 0.065918 0.031250
2 0.383057 0.417318 0.054199 0.055990
3 0.392090 0.416667 0.159180 0.050781
4 0.242676 0.432617 0.041992 0.030599
11 0.244629 0.410807 0.048828 0.040365
11 0.288086 0.437826 0.046875 0.056641
9 0.246094 0.390951 0.046875 0.059245
17 0.349854 0.433594 0.335449 0.188802
