0 0.343506 0.381185 0.054199 0.033203
0 0.284424 0.408529 0.020996 0.042318
1 0.322266 0.377930 0.038086 0.041016
1 0.263672 0.399089 0.044922 0.058594
1 0.360352 0.416341 0.083984 0.043620
1 0.336670 0.397461 0.074707 0.033203
1 0.385254 0.398763 0.013672 0.047526
2 0.418213 0.401367 0.050293 0.057943
3 0.414795 0.406576 0.139160 0.051432
4 0.286377 0.455078 0.052246 0.046875
11 0.263672 0.433919 0.041992 0.046224
11 0.340088 0.442383 0.043457 0.064453
9 0.239014 0.411784 0.032715 0.060547
17 0.349365 0.437174 0.330566 0.192057
