0 0.488525390625 0.7506510416666666 0.09326171875 0.03515625
0 0.583984375 0.7350260416666666 0.0400390625 0.0859375
0 0.59375 0.8180338541666666 0.07421875 0.039713541666666664
1 0.651611328125 0.7063802083333334 0.12451171875 0.10416666666666667
1 0.459716796875 0.828125 0.08642578125 0.14192708333333334
2 0.60400390625 0.8248697916666666 0.09765625 0.11328125
2 0.518798828125 0.8001302083333334 0.09326171875 0.08984375
5 0.62451171875 0.7333984375 0.0283203125 0.09049479166666667
9 0.529541015625 0.6803385416666666 0.05126953125 0.10026041666666667
11 0.50146484375 0.724609375 0.0595703125 0.06901041666666667
11 0.66943359375 0.771484375 0.0546875 0.11588541666666667
17 0.58642578125 0.8017578125 0.4404296875 0.3873697916666667
