0 0.4501953125 0.7757161458333334 0.0390625 0.033203125
1 0.30322265625 0.7659505208333334 0.05859375 0.018880208333333332
4 0.4609375 0.7473958333333334 0.037109375 0.033854166666666664
5 0.501953125 0.7333984375 0.0654296875 0.054036458333333336
7 0.3017578125 0.7184244791666666 0.1220703125 0.072265625
7 0.430908203125 0.7027994791666666 0.09130859375 0.052734375
10 0.3916015625 0.74609375 0.1328125 0.09635416666666667
11 0.354248046875 0.6725260416666666 0.04150390625 0.07291666666666667
14 0.28466796875 0.732421875 0.0595703125 0.061197916666666664
17 0.332763671875 0.7652994791666666 0.43994140625 0.3118489583333333
