0 0.1640625 0.748046875 0.060546875 0.028645833333333332
1 0.2861328125 0.7848307291666666 0.2060546875 0.027994791666666668
1 0.37158203125 0.7740885416666666 0.0654296875 0.029947916666666668
4 0.194091796875 0.7672526041666666 0.05908203125 0.056640625
7 0.243896484375 0.7021484375 0.06982421875 0.263671875
10 0.20068359375 0.705078125 0.0478515625 0.07942708333333333
11 0.3076171875 0.755859375 0.072265625 0.06640625
7 0.328369140625 0.72265625 0.12255859375 0.06770833333333333
14 0.320556640625 0.6920572916666666 0.03173828125 0.014322916666666666
17 0.2451171875 0.7854817708333334 0.451171875 0.3248697916666667
