0 0.669189453125 0.3271484375 0.05029296875 0.037109375
1 0.529052734375 0.3118489583333333 0.05322265625 0.018229166666666668
4 0.6826171875 0.2825520833333333 0.048828125 0.02734375
5 0.726806640625 0.2513020833333333 0.07861328125 0.06640625
7 0.521484375 0.24479166666666666 0.1005859375 0.08203125
7 0.6494140625 0.22298177083333334 0.1123046875 0.07486979166666667
10 0.612548828125 0.28515625 0.15576171875 0.109375
11 0.5703125 0.19889322916666666 0.052734375 0.09830729166666667
14 0.5048828125 0.2757161458333333 0.0537109375 0.060546875
17 0.578369140625 0.3069661458333333 0.40087890625 0.357421875
