0 0.25048828125 0.3421223958333333 0.0498046875 0.048828125
1 0.079833984375 0.3206380208333333 0.04833984375 0.024088541666666668
1 0.290283203125 0.2584635416666667 0.03662109375 0.044270833333333336
4 0.271728515625 0.2734375 0.05322265625 0.048177083333333336
5 0.32470703125 0.2392578125 0.0810546875 0.07877604166666667
7 0.237548828125 0.208984375 0.12744140625 0.09244791666666667
7 0.089599609375 0.232421875 0.13232421875 0.07942708333333333
10 0.18115234375 0.3030598958333333 0.1767578125 0.150390625
11 0.144775390625 0.1787109375 0.05810546875 0.123046875
14 0.0625 0.2835286458333333 0.0810546875 0.08528645833333333
17 0.199462890625 0.3024088541666667 0.38037109375 0.365234375
