0 0.063720703125 0.3486328125 0.05322265625 0.06315104166666667
1 0.340576171875 0.2789713541666667 0.04052734375 0.026692708333333332
4 0.18505859375 0.3229166666666667 0.060546875 0.059895833333333336
5 0.242431640625 0.3470052083333333 0.07958984375 0.09375
7 0.24462890625 0.2776692708333333 0.15625 0.08528645833333333
7 0.185546875 0.21223958333333334 0.1015625 0.11588541666666667
10 0.09033203125 0.2819010416666667 0.154296875 0.11979166666666667
11 0.2509765625 0.19205729166666666 0.068359375 0.12109375
14 0.134033203125 0.2041015625 0.04736328125 0.056640625
17 0.1865234375 0.3020833333333333 0.37109375 0.3763020833333333
