0 0.52978515625 0.3359375 0.037109375 0.045572916666666664
1 0.6943359375 0.3017578125 0.111328125 0.068359375
4 0.61328125 0.3125 0.0615234375 0.049479166666666664
5 0.6845703125 0.3180338541666667 0.0634765625 0.08919270833333333
7 0.585205078125 0.22135416666666666 0.06884765625 0.08072916666666667
7 0.666015625 0.2669270833333333 0.1328125 0.06901041666666667
10 0.5419921875 0.2747395833333333 0.140625 0.08984375
11 0.646240234375 0.19563802083333334 0.04443359375 0.099609375
14 0.545654296875 0.22623697916666666 0.03662109375 0.031901041666666664
17 0.60986328125 0.3134765625 0.3994140625 0.3561197916666667
