0 0.7314453125 0.3619791666666667 0.041015625 0.059895833333333336
1 0.83544921875 0.3271484375 0.0126953125 0.047526041666666664
4 0.794921875 0.3225911458333333 0.068359375 0.056640625
5 0.88134765625 0.3310546875 0.0693359375 0.09049479166666667
7 0.83056640625 0.2669270833333333 0.1455078125 0.07552083333333333
7 0.685546875 0.21809895833333334 0.072265625 0.09375
10 0.718017578125 0.29296875 0.16748046875 0.10677083333333333
11 0.752685546875 0.20149739583333334 0.05126953125 0.11263020833333333
14 0.650390625 0.2421875 0.0458984375 0.06640625
17 0.719970703125 0.3382161458333333 0.46923828125 0.4016927083333333
