0 0.630615234375 0.24479166666666666 0.04345703125 0.029947916666666668
1 0.735595703125 0.3597005208333333 0.14208984375 0.08658854166666667
4 0.66162109375 0.28515625 0.0517578125 0.049479166666666664
5 0.62548828125 0.322265625 0.0859375 0.061197916666666664
7 0.818603515625 0.2685546875 0.13916015625 0.10611979166666667
7 0.713623046875 0.3056640625 0.10693359375 0.119140625
10 0.6826171875 0.2216796875 0.0693359375 0.09830729166666667
11 0.81982421875 0.2737630208333333 0.064453125 0.142578125
14 0.800048828125 0.2314453125 0.04150390625 0.046223958333333336
17 0.73876953125 0.3382161458333333 0.4375 0.3561197916666667
