0 0.134521484375 0.3642578125 0.04638671875 0.07096354166666667
1 0.27392578125 0.3089192708333333 0.0224609375 0.043619791666666664
4 0.228515625 0.3151041666666667 0.0751953125 0.049479166666666664
5 0.317138671875 0.3095703125 0.06591796875 0.10611979166666667
7 0.145263671875 0.19954427083333334 0.06591796875 0.09309895833333333
7 0.2529296875 0.2555338541666667 0.158203125 0.07747395833333333
10 0.12158203125 0.2962239583333333 0.1962890625 0.10416666666666667
11 0.20751953125 0.171875 0.068359375 0.1171875
14 0.08837890625 0.22005208333333334 0.0625 0.048177083333333336
17 0.195556640625 0.3229166666666667 0.37548828125 0.40234375
