0 0.779052734375 0.365234375 0.04248046875 0.06380208333333333
1 0.64013671875 0.2942708333333333 0.056640625 0.022135416666666668
1 0.8330078125 0.3082682291666667 0.01953125 0.043619791666666664
4 0.81298828125 0.3180338541666667 0.052734375 0.038411458333333336
5 0.888427734375 0.3017578125 0.08056640625 0.087890625
7 0.80712890625 0.2506510416666667 0.1416015625 0.06770833333333333
7 0.677734375 0.224609375 0.0966796875 0.09765625
10 0.736572265625 0.2972005208333333 0.17138671875 0.107421875
11 0.73291015625 0.20279947916666666 0.0498046875 0.12434895833333333
14 0.641845703125 0.2578125 0.04833984375 0.07161458333333333
17 0.7392578125 0.34765625 0.4140625 0.4270833333333333
