0 0.613037109375 0.3421223958333333 0.04150390625 0.054036458333333336
1 0.501220703125 0.29296875 0.02587890625 0.015625
1 0.696533203125 0.291015625 0.01416015625 0.0390625
4 0.663330078125 0.3014322916666667 0.05517578125 0.048177083333333336
5 0.74072265625 0.2867838541666667 0.0830078125 0.072265625
7 0.671142578125 0.24967447916666666 0.12841796875 0.072265625
7 0.54296875 0.23079427083333334 0.0498046875 0.068359375
10 0.572509765625 0.2919921875 0.13427734375 0.103515625
11 0.601318359375 0.19694010416666666 0.04052734375 0.08919270833333333
14 0.509033203125 0.2542317708333333 0.05322265625 0.06966145833333333
17 0.5927734375 0.2958984375 0.3916015625 0.3561197916666667
