0 0.654541015625 0.3307291666666667 0.03857421875 0.0546875
1 0.83642578125 0.3375651041666667 0.1396484375 0.059244791666666664
4 0.7490234375 0.3326822916666667 0.048828125 0.048177083333333336
5 0.83837890625 0.3675130208333333 0.0634765625 0.11783854166666667
7 0.73388671875 0.22233072916666666 0.0751953125 0.07096354166666667
7 0.8076171875 0.2939453125 0.14453125 0.10611979166666667
10 0.681396484375 0.2796223958333333 0.14794921875 0.12434895833333333
11 0.797119140625 0.216796875 0.04833984375 0.10546875
14 0.68505859375 0.21842447916666666 0.0400390625 0.057942708333333336
17 0.72998046875 0.3209635416666667 0.412109375 0.34375
