0 0.2958984375 0.3050130208333333 0.0498046875 0.056640625
1 0.52490234375 0.2630208333333333 0.0380859375 0.01953125
4 0.390380859375 0.2887369791666667 0.06396484375 0.059244791666666664
5 0.450439453125 0.3199869791666667 0.06298828125 0.10481770833333333
7 0.44677734375 0.2513020833333333 0.146484375 0.11979166666666667
7 0.390869140625 0.18033854166666666 0.07958984375 0.08072916666666667
10 0.319091796875 0.23795572916666666 0.14501953125 0.10091145833333333
11 0.443603515625 0.17350260416666666 0.04638671875 0.11002604166666667
14 0.34619140625 0.18815104166666666 0.048828125 0.049479166666666664
17 0.357666015625 0.3134765625 0.43603515625 0.3951822916666667
