0 0.657470703125 0.3330078125 0.05029296875 0.050130208333333336
1 0.796630859375 0.3483072916666667 0.03955078125 0.02734375
4 0.751953125 0.3382161458333333 0.064453125 0.056640625
5 0.834228515625 0.3658854166666667 0.05517578125 0.10026041666666667
7 0.72705078125 0.21809895833333334 0.0634765625 0.09114583333333333
7 0.816162109375 0.2958984375 0.14892578125 0.09049479166666667
10 0.68798828125 0.27734375 0.15234375 0.11328125
11 0.803955078125 0.2158203125 0.06396484375 0.130859375
14 0.67919921875 0.21614583333333334 0.0361328125 0.045572916666666664
17 0.736083984375 0.3499348958333333 0.42822265625 0.4186197916666667
