0 0.26953125 0.2630208333333333 0.125 0.045572916666666664
1 0.208984375 0.3111979166666667 0.025390625 0.09114583333333333
1 0.0927734375 0.24088541666666666 0.1025390625 0.015625
5 0.203125 0.19205729166666666 0.064453125 0.046875
7 0.1103515625 0.3079427083333333 0.1826171875 0.12630208333333334
7 0.14697265625 0.20833333333333334 0.0751953125 0.09375
10 0.264892578125 0.2490234375 0.12353515625 0.13736979166666666
11 0.078125 0.22200520833333334 0.076171875 0.13151041666666666
14 0.162353515625 0.3216145833333333 0.08251953125 0.09505208333333333
17 0.19091796875 0.3180338541666667 0.359375 0.3795572916666667
