0 0.761962890625 0.3645833333333333 0.04541015625 0.06380208333333333
1 0.83642578125 0.3167317708333333 0.017578125 0.056640625
1 0.6416015625 0.2861328125 0.037109375 0.018880208333333332
4 0.810791015625 0.3277994791666667 0.05908203125 0.038411458333333336
5 0.888427734375 0.3151041666666667 0.07666015625 0.08333333333333333
7 0.817626953125 0.2535807291666667 0.14306640625 0.07356770833333333
7 0.671142578125 0.22786458333333334 0.07763671875 0.09635416666666667
10 0.7392578125 0.3037109375 0.16796875 0.107421875
11 0.7392578125 0.19661458333333334 0.0400390625 0.13020833333333334
14 0.645751953125 0.24641927083333334 0.05517578125 0.06575520833333333
17 0.73779296875 0.3564453125 0.4345703125 0.4381510416666667
