0 0.652587890625 0.279296875 0.12158203125 0.046875
1 0.842041015625 0.373046875 0.08154296875 0.02734375
1 0.714599609375 0.27734375 0.02294921875 0.08984375
4 0.69287109375 0.3050130208333333 0.0361328125 0.043619791666666664
5 0.70458984375 0.3577473958333333 0.0888671875 0.07486979166666667
7 0.76953125 0.3050130208333333 0.095703125 0.13997395833333334
7 0.792236328125 0.2451171875 0.12646484375 0.07096354166666667
10 0.6689453125 0.23502604166666666 0.08203125 0.09895833333333333
11 0.825439453125 0.25390625 0.05029296875 0.12890625
14 0.75048828125 0.2119140625 0.0498046875 0.041015625
17 0.732177734375 0.3434244791666667 0.42822265625 0.3717447916666667
