0 0.49462890625 0.2848307291666667 0.0537109375 0.031901041666666664
1 0.642822265625 0.3401692708333333 0.14208984375 0.022786458333333332
4 0.543701171875 0.296875 0.04150390625 0.032552083333333336
5 0.534912109375 0.3372395833333333 0.08935546875 0.08203125
7 0.662841796875 0.24446614583333334 0.12841796875 0.072265625
7 0.603271484375 0.2932942708333333 0.05615234375 0.10481770833333333
10 0.53369140625 0.24348958333333334 0.0595703125 0.08463541666666667
11 0.673828125 0.23697916666666666 0.0380859375 0.140625
14 0.626708984375 0.2119140625 0.03466796875 0.038411458333333336
17 0.572265625 0.3128255208333333 0.3828125 0.3743489583333333
