0 0.04248046875 0.3069661458333333 0.072265625 0.046223958333333336
1 0.25830078125 0.341796875 0.1513671875 0.040364583333333336
4 0.127197265625 0.3157552083333333 0.05322265625 0.036458333333333336
5 0.133056640625 0.3658854166666667 0.11181640625 0.0859375
7 0.2392578125 0.21451822916666666 0.1435546875 0.091796875
7 0.205322265625 0.2985026041666667 0.10107421875 0.138671875
10 0.08837890625 0.24348958333333334 0.0966796875 0.1171875
11 0.263427734375 0.22298177083333334 0.06201171875 0.146484375
14 0.19287109375 0.18587239583333334 0.04296875 0.037109375
17 0.196533203125 0.3310546875 0.38916015625 0.3717447916666667
