0 0.817138671875 0.3082682291666667 0.12841796875 0.048828125
1 0.736328125 0.3245442708333333 0.0380859375 0.07486979166666667
1 0.681396484375 0.23209635416666666 0.07080078125 0.027994791666666668
5 0.7880859375 0.21744791666666666 0.0732421875 0.061197916666666664
7 0.733154296875 0.22819010416666666 0.05517578125 0.10481770833333333
7 0.66796875 0.2802734375 0.15625 0.10221354166666667
10 0.81884765625 0.294921875 0.0986328125 0.13411458333333334
11 0.66552734375 0.2060546875 0.0498046875 0.10221354166666667
14 0.703125 0.314453125 0.0576171875 0.07942708333333333
17 0.729248046875 0.3352864583333333 0.46435546875 0.3932291666666667
