0 0.811767578125 0.8277994791666666 0.06103515625 0.061848958333333336
1 0.6767578125 0.7854817708333334 0.052734375 0.025390625
4 0.849609375 0.8033854166666666 0.0751953125 0.0546875
5 0.9296875 0.796875 0.095703125 0.08463541666666667
7 0.694580078125 0.7418619791666666 0.08837890625 0.07096354166666667
7 0.8623046875 0.7535807291666666 0.10546875 0.072265625
10 0.77099609375 0.7884114583333334 0.154296875 0.10026041666666667
11 0.752685546875 0.7018229166666666 0.04248046875 0.06770833333333333
14 0.665283203125 0.7568359375 0.04931640625 0.06705729166666667
17 0.774169921875 0.8076171875 0.45166015625 0.3118489583333333
