0 0.65478515625 0.283203125 0.1240234375 0.02734375
1 0.861083984375 0.3645833333333333 0.06396484375 0.028645833333333332
1 0.717529296875 0.2884114583333333 0.02783203125 0.0859375
4 0.700439453125 0.3151041666666667 0.04248046875 0.0546875
5 0.728515625 0.35546875 0.08203125 0.08203125
7 0.7763671875 0.314453125 0.109375 0.14713541666666666
7 0.767333984375 0.2373046875 0.12548828125 0.06966145833333333
10 0.661376953125 0.23990885416666666 0.10107421875 0.10872395833333333
11 0.82763671875 0.24609375 0.0400390625 0.14192708333333334
14 0.736083984375 0.2060546875 0.04833984375 0.033203125
17 0.733154296875 0.3304036458333333 0.41650390625 0.369140625
