0 0.8271484375 0.4840494791666667 0.0654296875 0.044921875
1 0.68505859375 0.4879557291666667 0.0751953125 0.042317708333333336
1 0.695556640625 0.40625 0.02294921875 0.013020833333333334
5 0.816162109375 0.396484375 0.07666015625 0.059895833333333336
7 0.737060546875 0.4026692708333333 0.06494140625 0.10611979166666667
7 0.639892578125 0.4404296875 0.13623046875 0.08528645833333333
10 0.760498046875 0.4645182291666667 0.09521484375 0.146484375
11 0.6552734375 0.3834635416666667 0.041015625 0.08723958333333333
14 0.64111328125 0.47265625 0.0478515625 0.07552083333333333
17 0.718017578125 0.4990234375 0.41357421875 0.349609375
