0 0.177978515625 0.779296875 0.05908203125 0.029947916666666668
1 0.41552734375 0.7483723958333334 0.0341796875 0.011067708333333334
1 0.365234375 0.7757161458333334 0.14453125 0.043619791666666664
4 0.272705078125 0.771484375 0.06591796875 0.04296875
7 0.378662109375 0.6959635416666666 0.06787109375 0.23046875
10 0.21142578125 0.734375 0.1328125 0.11588541666666667
11 0.315673828125 0.7438151041666666 0.08056640625 0.055338541666666664
10 0.250732421875 0.6878255208333334 0.02978515625 0.018880208333333332
7 0.303466796875 0.703125 0.10498046875 0.05078125
17 0.25048828125 0.7828776041666666 0.466796875 0.310546875
