21 0.528809 0.557292 0.084961 0.049479
21 0.428711 0.646810 0.107422 0.050130
19 0.478516 0.540365 0.055664 0.028646
15 0.402588 0.559896 0.069824 0.108073
15 0.522217 0.672852 0.093262 0.158203
16 0.444336 0.684896 0.069336 0.061198
16 0.517090 0.524740 0.029297 0.037760
12 0.585938 0.509115 0.060547 0.111979
12 0.492188 0.693034 0.049805 0.190755
3 0.433838 0.598307 0.175293 0.200521
20 0.656006 0.653971 0.063965 0.077474
8 0.590088 0.642578 0.097168 0.144531
17 0.500977 0.659505 0.393555 0.427083
