21 0.527588 0.665690 0.059082 0.126953
21 0.407715 0.589844 0.069336 0.106771
19 0.372803 0.642904 0.047363 0.057943
15 0.530518 0.564779 0.093262 0.091797
15 0.390381 0.719727 0.086426 0.095703
16 0.373047 0.590169 0.050781 0.037109
16 0.555176 0.637044 0.038086 0.064453
12 0.607422 0.542969 0.050781 0.178385
12 0.412842 0.488932 0.036621 0.119792
3 0.473877 0.679688 0.270996 0.183594
20 0.473877 0.490234 0.057129 0.040365
8 0.487061 0.535482 0.117676 0.110026
17 0.477295 0.619792 0.367676 0.423177
