21 0.539795 0.627930 0.099121 0.087891
21 0.392334 0.619792 0.105957 0.067708
19 0.399170 0.712891 0.050293 0.058594
15 0.498047 0.754557 0.114258 0.122396
15 0.498047 0.557943 0.057617 0.089844
16 0.367920 0.669271 0.061035 0.063802
16 0.551270 0.602214 0.041016 0.057292
12 0.558838 0.492839 0.052246 0.170573
12 0.364014 0.533529 0.045410 0.121745
3 0.476807 0.684245 0.266113 0.190104
20 0.402588 0.503255 0.070801 0.037760
8 0.435059 0.547852 0.093750 0.119141
17 0.482422 0.626302 0.387695 0.454427
