21 0.542725 0.640951 0.044434 0.072266
21 0.444092 0.564128 0.029785 0.097005
19 0.579590 0.609375 0.044922 0.046875
15 0.414795 0.642904 0.137207 0.104818
15 0.534180 0.542318 0.112305 0.053385
16 0.414795 0.590820 0.041504 0.063151
16 0.598633 0.656576 0.040039 0.046224
12 0.353516 0.578451 0.059570 0.198568
12 0.565918 0.689453 0.053711 0.140625
3 0.504395 0.566406 0.256836 0.147135
20 0.463379 0.814128 0.088867 0.121745
8 0.469727 0.710938 0.146484 0.125000
17 0.481201 0.673828 0.378418 0.397135
