21 0.475342 0.551758 0.069824 0.089193
21 0.454346 0.675456 0.101074 0.090495
19 0.421631 0.553060 0.057129 0.029297
15 0.367920 0.610677 0.095215 0.126302
15 0.543213 0.629883 0.132324 0.110026
16 0.462891 0.532878 0.035156 0.054036
16 0.491211 0.696615 0.055664 0.066406
12 0.541016 0.486003 0.036133 0.116536
12 0.563965 0.667318 0.062500 0.175781
3 0.390381 0.620768 0.157715 0.244141
20 0.627930 0.572266 0.057617 0.087240
8 0.574707 0.583333 0.116211 0.114583
17 0.498047 0.636719 0.390625 0.432292
