21 0.485840 0.555339 0.046875 0.076823
21 0.518555 0.703451 0.051758 0.128255
19 0.577637 0.674154 0.061523 0.054036
15 0.423340 0.594076 0.131836 0.063151
15 0.588379 0.594076 0.109375 0.094401
16 0.448975 0.573568 0.050293 0.058594
16 0.553467 0.735352 0.057129 0.064453
12 0.376465 0.506836 0.041992 0.171224
12 0.468018 0.724609 0.056152 0.165365
3 0.534180 0.613281 0.171875 0.255208
20 0.347168 0.744792 0.084961 0.093750
8 0.381836 0.681641 0.147461 0.135417
17 0.472168 0.638997 0.378906 0.443359
