21 0.444336 0.547526 0.044922 0.109375
21 0.490967 0.675456 0.062988 0.119141
19 0.388184 0.586589 0.055664 0.048177
15 0.381836 0.667318 0.140625 0.096354
15 0.537842 0.585938 0.107910 0.052083
16 0.532715 0.674479 0.051758 0.075521
16 0.412598 0.547201 0.028320 0.061849
12 0.477295 0.470703 0.041504 0.136719
12 0.603760 0.611003 0.065918 0.152995
3 0.442383 0.629883 0.211914 0.186849
20 0.569336 0.508464 0.073242 0.048177
8 0.534668 0.560221 0.114258 0.128255
17 0.487305 0.622396 0.390625 0.460938
