21 0.433350 0.549479 0.034668 0.096354
21 0.499756 0.672852 0.048340 0.123047
19 0.381592 0.606771 0.057129 0.046875
15 0.541504 0.579753 0.109375 0.059245
15 0.377930 0.675781 0.125000 0.087240
16 0.400391 0.556315 0.034180 0.048828
16 0.536377 0.675456 0.041504 0.069661
12 0.463135 0.477865 0.035645 0.127604
12 0.614258 0.598307 0.049805 0.200521
3 0.456055 0.636719 0.229492 0.178385
20 0.539307 0.493815 0.054199 0.033203
8 0.529785 0.551432 0.125977 0.125000
17 0.485840 0.625326 0.373047 0.440755
