21 0.410889 0.578125 0.048340 0.093750
21 0.528809 0.659831 0.055664 0.132161
19 0.371338 0.633789 0.057129 0.048828
15 0.534424 0.562826 0.099121 0.093099
15 0.412598 0.713867 0.139648 0.104818
16 0.374756 0.595378 0.055176 0.044922
16 0.551514 0.653646 0.035645 0.065104
12 0.417969 0.486654 0.046875 0.113932
12 0.603760 0.559896 0.065918 0.174479
3 0.465088 0.674805 0.269043 0.197266
20 0.484131 0.493490 0.077637 0.041667
8 0.503418 0.541016 0.113281 0.123698
17 0.484131 0.638021 0.399902 0.447917
