0 0.46142578125 0.5107421875 0.0361328125 0.018880208333333332
1 0.551025390625 0.5426432291666666 0.02490234375 0.07877604166666667
2 0.501220703125 0.5009765625 0.07275390625 0.08528645833333333
3 0.557373046875 0.5771484375 0.22314453125 0.10872395833333333
1 0.40283203125 0.5546875 0.064453125 0.10677083333333333
10 0.6220703125 0.5022786458333334 0.056640625 0.16861979166666666
11 0.496826171875 0.5413411458333334 0.05126953125 0.037109375
11 0.62109375 0.6614583333333334 0.068359375 0.0859375
12 0.534423828125 0.6083984375 0.15283203125 0.083984375
17 0.536376953125 0.6194661458333334 0.41259765625 0.4108072916666667
