9 0.429932 0.471354 0.038574 0.098958
9 0.494629 0.430339 0.033203 0.061198
9 0.597168 0.430339 0.038086 0.061198
5 0.563965 0.464193 0.044922 0.055990
5 0.576172 0.524740 0.058594 0.080729
11 0.517090 0.463542 0.036133 0.027344
11 0.623047 0.513021 0.051758 0.050781
4 0.468262 0.433919 0.024414 0.034505
4 0.610840 0.486654 0.040039 0.022786
7 0.442627 0.466471 0.112793 0.050130
14 0.551514 0.450521 0.032715 0.059896
14 0.519043 0.505534 0.053711 0.076172
13 0.646973 0.457357 0.039062 0.054036
13 0.529785 0.439779 0.022461 0.056641
17 0.523438 0.493490 0.392578 0.213542
