1 0.584473 0.535156 0.041992 0.080729
1 0.609131 0.535807 0.034668 0.079427
1 0.624756 0.528320 0.022949 0.081380
1 0.416504 0.479818 0.138672 0.036458
1 0.417725 0.509440 0.104004 0.063151
1 0.423340 0.505534 0.060547 0.014974
0 0.553223 0.407552 0.083008 0.045573
0 0.574463 0.490885 0.032715 0.098958
0 0.571045 0.584310 0.135254 0.048828
0 0.465088 0.563477 0.046387 0.033203
0 0.410645 0.474284 0.020508 0.090495
2 0.474121 0.566081 0.069336 0.095703
2 0.409180 0.518229 0.067383 0.083333
2 0.527100 0.528971 0.070801 0.072266
2 0.511719 0.447917 0.090820 0.105469
2 0.593262 0.454753 0.059570 0.086589
17 0.516357 0.526042 0.360840 0.296875
