4 0.584717 0.440755 0.052246 0.033854
5 0.746094 0.456706 0.034180 0.097005
5 0.718018 0.418294 0.037598 0.074870
11 0.590088 0.355143 0.017090 0.081380
11 0.779297 0.431641 0.031250 0.065104
11 0.751465 0.406576 0.029297 0.033203
9 0.624512 0.394206 0.033203 0.085286
9 0.696045 0.461589 0.041504 0.088542
13 0.746094 0.380859 0.036133 0.042969
10 0.694092 0.348958 0.040527 0.134115
10 0.656006 0.378255 0.036621 0.139323
7 0.571045 0.349609 0.041504 0.134115
17 0.670166 0.421549 0.364746 0.323568
