4 0.679932 0.479167 0.057129 0.036458
5 0.704590 0.324870 0.026367 0.076823
5 0.645508 0.277344 0.050781 0.078125
11 0.767090 0.400716 0.035156 0.082682
11 0.674805 0.336589 0.030273 0.074219
11 0.555420 0.394206 0.032715 0.113932
9 0.666504 0.406576 0.033203 0.078776
9 0.692627 0.393555 0.019043 0.068359
13 0.590088 0.380208 0.027832 0.058594
14 0.539795 0.377279 0.005371 0.035807
10 0.720215 0.386393 0.038086 0.163411
7 0.629639 0.385742 0.045410 0.139974
17 0.666748 0.405924 0.368652 0.361328
