0 0.6376953125 0.5608723958333334 0.03515625 0.060546875
2 0.5986328125 0.6318359375 0.080078125 0.091796875
3 0.603515625 0.5615234375 0.189453125 0.11393229166666667
4 0.535888671875 0.513671875 0.04150390625 0.052083333333333336
2 0.591064453125 0.5895182291666666 0.08154296875 0.056640625
7 0.5244140625 0.5556640625 0.140625 0.08138020833333333
12 0.701171875 0.6184895833333334 0.0791015625 0.22786458333333334
13 0.513916015625 0.6292317708333334 0.05615234375 0.087890625
14 0.73828125 0.599609375 0.048828125 0.09114583333333333
17 0.629638671875 0.6487630208333334 0.45556640625 0.3795572916666667
