12 0.532715 0.484701 0.033203 0.156901
0 0.563965 0.539714 0.080078 0.029948
2 0.567627 0.564779 0.065918 0.067057
14 0.480713 0.512695 0.050293 0.063151
13 0.416504 0.510742 0.013672 0.044922
5 0.482422 0.578125 0.048828 0.062500
6 0.509766 0.508789 0.023438 0.030599
8 0.614258 0.536458 0.086914 0.080729
7 0.490967 0.443034 0.034668 0.091797
10 0.576172 0.443359 0.026367 0.111979
10 0.553467 0.453451 0.022949 0.112630
10 0.435303 0.537109 0.034668 0.108073
12 0.456543 0.541992 0.015625 0.073568
17 0.520020 0.552734 0.376953 0.347656
