9 0.619141 0.461589 0.030273 0.098958
9 0.492920 0.478516 0.045410 0.089844
9 0.438965 0.464193 0.040039 0.084635
5 0.470215 0.470378 0.024414 0.077474
11 0.533936 0.402995 0.035645 0.069010
11 0.539795 0.472005 0.045410 0.092448
11 0.558838 0.437826 0.019043 0.081380
4 0.517090 0.367188 0.036133 0.023438
7 0.584961 0.438477 0.048828 0.179036
8 0.381836 0.435547 0.084961 0.093750
8 0.440674 0.408203 0.059082 0.061198
14 0.492188 0.407878 0.041992 0.081380
13 0.465576 0.404297 0.019043 0.061198
17 0.520508 0.462565 0.370117 0.249349
