2 0.6103515625 0.4166666666666667 0.0771484375 0.078125
2 0.5458984375 0.3128255208333333 0.076171875 0.08528645833333333
7 0.539794921875 0.3994140625 0.04248046875 0.09700520833333333
10 0.616943359375 0.466796875 0.11181640625 0.0859375
11 0.520263671875 0.4807942708333333 0.04931640625 0.09830729166666667
11 0.603759765625 0.4850260416666667 0.05126953125 0.07161458333333333
11 0.627685546875 0.544921875 0.10693359375 0.06510416666666667
13 0.55908203125 0.4645182291666667 0.0546875 0.064453125
14 0.558349609375 0.509765625 0.04931640625 0.07421875
16 0.470458984375 0.4954427083333333 0.03759765625 0.0546875
17 0.539794921875 0.494140625 0.34521484375 0.4518229166666667
