1 0.31689453125 0.5953776041666666 0.072265625 0.07877604166666667
5 0.50244140625 0.4925130208333333 0.0439453125 0.057942708333333336
8 0.3564453125 0.5348307291666666 0.142578125 0.08658854166666667
9 0.544921875 0.4954427083333333 0.037109375 0.08072916666666667
9 0.394775390625 0.5797526041666666 0.04638671875 0.099609375
10 0.453369140625 0.4951171875 0.08837890625 0.10872395833333333
11 0.43505859375 0.5751953125 0.0537109375 0.13606770833333334
12 0.517578125 0.576171875 0.1328125 0.09244791666666667
16 0.57958984375 0.5768229166666666 0.0419921875 0.045572916666666664
17 0.46923828125 0.5693359375 0.400390625 0.3053385416666667
