2 0.495849609375 0.5660807291666666 0.05810546875 0.057942708333333336
10 0.539794921875 0.5944010416666666 0.03662109375 0.14322916666666666
7 0.47607421875 0.5152994791666666 0.03515625 0.12044270833333333
17 0.568359375 0.6266276041666666 0.3525390625 0.3157552083333333
12 0.441650390625 0.9085286458333334 0.03271484375 0.13606770833333334
9 0.641845703125 0.5397135416666666 0.02978515625 0.05859375
7 0.527587890625 0.9469401041666666 0.04052734375 0.10611979166666667
13 0.573486328125 0.5530598958333334 0.03369140625 0.056640625
5 0.64794921875 0.6243489583333334 0.048828125 0.07682291666666667
10 0.504638671875 0.509765625 0.02978515625 0.07421875
2 0.49365234375 0.6077473958333334 0.0576171875 0.046223958333333336
2 0.670166015625 0.5817057291666666 0.06396484375 0.055338541666666664
6 0.67919921875 0.5862630208333334 0.0458984375 0.014973958333333334
14 0.616455078125 0.5891927083333334 0.03759765625 0.0546875
