2 0.711426 0.437826 0.030273 0.063151
4 0.692627 0.479818 0.041504 0.052083
5 0.642090 0.377604 0.013672 0.041667
11 0.548096 0.392253 0.020996 0.081380
11 0.567139 0.409180 0.022949 0.103516
9 0.659424 0.403646 0.027832 0.080729
9 0.680176 0.416016 0.030273 0.088542
14 0.593262 0.408529 0.013672 0.051432
13 0.579590 0.388346 0.015625 0.057943
10 0.737549 0.345703 0.036621 0.106771
10 0.749756 0.417318 0.052246 0.178385
7 0.616455 0.407227 0.053223 0.172526
17 0.671387 0.437500 0.361328 0.302083
