0 0.440918 0.379232 0.071289 0.035807
0 0.430420 0.416667 0.052246 0.041667
1 0.343018 0.352214 0.093262 0.026042
1 0.376221 0.437500 0.105957 0.031250
2 0.346924 0.378581 0.034668 0.052734
3 0.298340 0.401693 0.156250 0.020833
3 0.273438 0.422201 0.117188 0.099609
11 0.319336 0.344727 0.048828 0.055339
11 0.329590 0.385417 0.038086 0.049479
4 0.270264 0.418294 0.043457 0.035807
5 0.378174 0.362956 0.041504 0.046224
9 0.400879 0.402344 0.029297 0.054688
10 0.362793 0.422201 0.064453 0.048828
17 0.348633 0.416016 0.329102 0.229167
