0 0.370361328125 0.5911458333333334 0.07177734375 0.07552083333333333
1 0.311279296875 0.7044270833333334 0.08544921875 0.17578125
2 0.18896484375 0.533203125 0.076171875 0.0625
3 0.2607421875 0.6057942708333334 0.30078125 0.17903645833333334
4 0.346435546875 0.5048828125 0.04248046875 0.043619791666666664
10 0.4423828125 0.5514322916666666 0.0615234375 0.20182291666666666
11 0.151123046875 0.58984375 0.05517578125 0.08984375
11 0.36572265625 0.6227213541666666 0.068359375 0.12825520833333334
11 0.14501953125 0.5908203125 0.072265625 0.095703125
12 0.256591796875 0.5771484375 0.15966796875 0.07486979166666667
17 0.3017578125 0.6516927083333334 0.4462890625 0.44140625
