3 0.373046875 0.5667317708333334 0.2255859375 0.07747395833333333
4 0.185302734375 0.6608072916666666 0.08056640625 0.08203125
7 0.14990234375 0.6022135416666666 0.1591796875 0.14453125
10 0.238525390625 0.6233723958333334 0.07763671875 0.22330729166666666
10 0.21337890625 0.4635416666666667 0.0595703125 0.13151041666666666
11 0.304931640625 0.5149739583333334 0.06103515625 0.11197916666666667
11 0.43798828125 0.6416015625 0.0771484375 0.11263020833333333
12 0.341796875 0.6123046875 0.1484375 0.076171875
14 0.427978515625 0.525390625 0.06494140625 0.07942708333333333
17 0.31591796875 0.6549479166666666 0.470703125 0.48046875
