12 0.515625 0.2942708333333333 0.0556640625 0.24869791666666666
16 0.85009765625 0.7307942708333334 0.048828125 0.056640625
7 0.33740234375 0.3401692708333333 0.076171875 0.267578125
10 0.04052734375 0.7109375 0.0791015625 0.16927083333333334
5 0.677978515625 0.3779296875 0.07470703125 0.11263020833333333
2 0.457763671875 0.3782552083333333 0.11376953125 0.11197916666666667
4 0.631103515625 0.4163411458333333 0.07080078125 0.087890625
10 0.972900390625 0.6513671875 0.05419921875 0.154296875
13 0.871826171875 0.7975260416666666 0.05419921875 0.08854166666666667
8 0.196044921875 0.7513020833333334 0.19970703125 0.14453125
17 0.524658203125 0.4254557291666667 0.56201171875 0.5149739583333334
7 0.14453125 0.6263020833333334 0.068359375 0.1328125
6 0.425048828125 0.2916666666666667 0.06591796875 0.0390625
12 0.33349609375 0.7203776041666666 0.0546875 0.13216145833333334
10 0.921875 0.8346354166666666 0.095703125 0.23307291666666666
14 0.587646484375 0.365234375 0.06884765625 0.09375
2 0.460205078125 0.4625651041666667 0.12255859375 0.080078125
14 0.636474609375 0.3082682291666667 0.06787109375 0.057942708333333336
8 0.469970703125 0.3011067708333333 0.04052734375 0.055338541666666664
0 0.316650390625 0.4866536458333333 0.09228515625 0.07486979166666667
