0 0.62060546875 0.6123046875 0.05859375 0.017578125
1 0.49658203125 0.6471354166666666 0.03125 0.040364583333333336
2 0.5380859375 0.638671875 0.08984375 0.08984375
4 0.615234375 0.646484375 0.064453125 0.05078125
5 0.657470703125 0.5569661458333334 0.05517578125 0.064453125
7 0.514404296875 0.50390625 0.04638671875 0.15885416666666666
9 0.45361328125 0.6373697916666666 0.0400390625 0.06640625
10 0.47509765625 0.58203125 0.05859375 0.06640625
10 0.57080078125 0.5807291666666666 0.03515625 0.02734375
11 0.7138671875 0.5914713541666666 0.0458984375 0.054036458333333336
12 0.578369140625 0.5546875 0.10693359375 0.057291666666666664
12 0.4287109375 0.580078125 0.0634765625 0.06380208333333333
13 0.658203125 0.5947265625 0.0546875 0.06966145833333333
14 0.537353515625 0.5979817708333334 0.07763671875 0.052734375
16 0.419921875 0.6298828125 0.041015625 0.06705729166666667
17 0.569580078125 0.58203125 0.41455078125 0.3815104166666667
