0 0.674805 0.463542 0.073242 0.036458
2 0.692383 0.395508 0.055664 0.051432
2 0.631348 0.377279 0.057617 0.051432
2 0.541504 0.369141 0.057617 0.052083
3 0.663086 0.375326 0.100586 0.139974
6 0.600586 0.461914 0.078125 0.046224
7 0.605469 0.322266 0.031250 0.114583
11 0.602051 0.419922 0.046875 0.049479
11 0.661377 0.406576 0.057129 0.046224
11 0.655762 0.442708 0.040039 0.048177
9 0.560547 0.429688 0.036133 0.067708
10 0.678711 0.325846 0.033203 0.097005
10 0.525879 0.412760 0.048828 0.078125
12 0.580811 0.384115 0.036621 0.065104
17 0.603271 0.381510 0.263184 0.247396
