1 0.513672 0.551432 0.151367 0.029948
1 0.518799 0.573568 0.144043 0.022135
1 0.532471 0.583333 0.150879 0.026042
1 0.436768 0.429688 0.109863 0.031250
1 0.463379 0.418294 0.083008 0.051432
0 0.421143 0.550130 0.090332 0.106771
0 0.549805 0.519857 0.089844 0.047526
0 0.600586 0.457031 0.071289 0.115885
0 0.383545 0.469076 0.063965 0.050130
0 0.469971 0.422201 0.032715 0.057943
2 0.442383 0.439128 0.072266 0.051432
2 0.406006 0.475260 0.057129 0.067708
2 0.459229 0.504557 0.062012 0.070312
2 0.571289 0.456055 0.114258 0.083984
2 0.602051 0.516927 0.109375 0.109375
17 0.515625 0.524414 0.348633 0.309245
