4 0.593506 0.383789 0.027832 0.029297
5 0.586426 0.438477 0.038086 0.087891
5 0.669922 0.431315 0.046875 0.074870
11 0.748047 0.477865 0.055664 0.059896
11 0.685059 0.478841 0.034180 0.078776
11 0.694336 0.325521 0.024414 0.033854
9 0.563477 0.416016 0.035156 0.098958
9 0.661377 0.369792 0.020996 0.061198
13 0.744629 0.441732 0.041992 0.048828
10 0.638916 0.369141 0.029785 0.151042
10 0.704590 0.375326 0.044922 0.152995
7 0.656494 0.304688 0.035645 0.082031
17 0.666260 0.423828 0.360840 0.334635
