9 0.390625 0.689453125 0.0439453125 0.08723958333333333
9 0.34716796875 0.615234375 0.04296875 0.09244791666666667
6 0.341552734375 0.7171223958333334 0.05908203125 0.10221354166666667
14 0.822265625 0.6344401041666666 0.0537109375 0.061848958333333336
9 0.29345703125 0.6637369791666666 0.046875 0.095703125
5 0.4404296875 0.6451822916666666 0.04296875 0.0859375
8 0.4716796875 0.5823567708333334 0.111328125 0.12565104166666666
8 0.373779296875 0.5387369791666666 0.10302734375 0.07747395833333333
4 0.28857421875 0.578125 0.0341796875 0.045572916666666664
4 0.2685546875 0.6136067708333334 0.033203125 0.033203125
8 0.729248046875 0.6389973958333334 0.09619140625 0.095703125
2 0.739013671875 0.7236328125 0.08740234375 0.095703125
2 0.820556640625 0.712890625 0.07568359375 0.10807291666666667
17 0.38623046875 0.6608072916666666 0.3583984375 0.3489583333333333
