0 0.638916015625 0.5182291666666666 0.07470703125 0.032552083333333336
1 0.396484375 0.5485026041666666 0.1220703125 0.056640625
1 0.625732421875 0.5797526041666666 0.22412109375 0.043619791666666664
2 0.56884765625 0.6396484375 0.1318359375 0.16471354166666666
7 0.447021484375 0.4873046875 0.08251953125 0.130859375
10 0.404052734375 0.5963541666666666 0.12939453125 0.13411458333333334
11 0.699951171875 0.529296875 0.07177734375 0.12630208333333334
11 0.695068359375 0.6005859375 0.15380859375 0.123046875
11 0.634765625 0.4368489583333333 0.060546875 0.11588541666666667
17 0.524658203125 0.5823567708333334 0.56396484375 0.435546875
