10 0.41357421875 0.4244791666666667 0.0595703125 0.20442708333333334
10 0.9736328125 0.6477864583333334 0.0517578125 0.1640625
16 0.849853515625 0.7307942708333334 0.04833984375 0.057942708333333336
10 0.041015625 0.697265625 0.080078125 0.19401041666666666
12 0.495361328125 0.2890625 0.05224609375 0.24088541666666666
17 0.525390625 0.431640625 0.576171875 0.5208333333333334
13 0.87158203125 0.7978515625 0.052734375 0.083984375
7 0.144287109375 0.6263020833333334 0.06884765625 0.13151041666666666
12 0.49462890625 0.2392578125 0.0537109375 0.14127604166666666
8 0.19189453125 0.7415364583333334 0.2021484375 0.12239583333333333
5 0.47509765625 0.3990885416666667 0.0625 0.14713541666666666
9 0.47509765625 0.3990885416666667 0.0615234375 0.14973958333333334
12 0.982177734375 0.8147786458333334 0.03564453125 0.14908854166666666
12 0.325927734375 0.6985677083333334 0.05810546875 0.18489583333333334
4 0.35107421875 0.4518229166666667 0.078125 0.061197916666666664
8 0.313232421875 0.369140625 0.15673828125 0.12109375
2 0.6298828125 0.3460286458333333 0.083984375 0.09830729166666667
2 0.631103515625 0.421875 0.09521484375 0.07291666666666667
0 0.604736328125 0.5192057291666666 0.15283203125 0.06705729166666667
6 0.463134765625 0.318359375 0.10205078125 0.037760416666666664
8 0.073974609375 0.4384765625 0.14697265625 0.142578125
10 0.923095703125 0.8333333333333334 0.10107421875 0.2265625
7 0.08447265625 0.546875 0.0751953125 0.09114583333333333
7 0.094970703125 0.6442057291666666 0.05810546875 0.099609375
