5 0.398681640625 0.5670572916666666 0.05126953125 0.08203125
2 0.545166015625 0.5485026041666666 0.07177734375 0.083984375
6 0.316650390625 0.59375 0.10400390625 0.029947916666666668
9 0.466796875 0.4772135416666667 0.0341796875 0.0703125
0 0.427001953125 0.6389973958333334 0.09619140625 0.043619791666666664
14 0.357177734375 0.5162760416666666 0.04833984375 0.059895833333333336
0 0.474853515625 0.6018880208333334 0.06494140625 0.048828125
9 0.4365234375 0.5091145833333334 0.0439453125 0.10026041666666667
1 0.376953125 0.5338541666666666 0.142578125 0.06770833333333333
3 0.4462890625 0.7298177083333334 0.29296875 0.21614583333333334
17 0.447265625 0.6285807291666666 0.357421875 0.376953125
