9 0.66064453125 0.3528645833333333 0.0361328125 0.08203125
9 0.688720703125 0.3489583333333333 0.01904296875 0.06510416666666667
4 0.722412109375 0.3349609375 0.04833984375 0.027994791666666668
6 0.65966796875 0.2672526041666667 0.0244140625 0.09440104166666667
6 0.681640625 0.419921875 0.048828125 0.053385416666666664
5 0.576416015625 0.4010416666666667 0.05224609375 0.08723958333333333
5 0.719482421875 0.37890625 0.05224609375 0.07291666666666667
7 0.62451171875 0.3492838541666667 0.048828125 0.060546875
7 0.571044921875 0.3430989583333333 0.08837890625 0.05078125
11 0.630615234375 0.4134114583333333 0.05322265625 0.05859375
10 0.607666015625 0.32421875 0.07470703125 0.037760416666666664
12 0.706298828125 0.2587890625 0.03662109375 0.11002604166666667
17 0.646240234375 0.3714192708333333 0.39306640625 0.3561197916666667
