0 0.539551 0.604167 0.086914 0.052083
2 0.550049 0.614909 0.061035 0.081380
2 0.454590 0.531576 0.026367 0.056641
13 0.440674 0.587891 0.041504 0.063802
16 0.472168 0.627279 0.046875 0.052734
4 0.610352 0.610352 0.037109 0.037109
5 0.523926 0.573568 0.046875 0.045573
6 0.591797 0.571615 0.024414 0.075521
8 0.596924 0.531250 0.079590 0.079427
7 0.546631 0.487305 0.032715 0.100911
9 0.513672 0.500651 0.031250 0.031250
9 0.570801 0.565755 0.038086 0.033854
10 0.482178 0.520182 0.029785 0.144531
12 0.517090 0.533529 0.044922 0.037109
17 0.510010 0.580404 0.335449 0.301432
