0 0.369873046875 0.5130208333333334 0.17919921875 0.08203125
0 0.54052734375 0.5296223958333334 0.10546875 0.091796875
0 0.436279296875 0.3079427083333333 0.11669921875 0.059895833333333336
1 0.314453125 0.4296875 0.06640625 0.044270833333333336
5 0.429443359375 0.3756510416666667 0.06591796875 0.13020833333333334
8 0.656982421875 0.3564453125 0.14111328125 0.11393229166666667
9 0.37060546875 0.4013671875 0.068359375 0.154296875
9 0.474365234375 0.302734375 0.03857421875 0.09765625
10 0.521484375 0.267578125 0.0625 0.265625
10 0.589599609375 0.43359375 0.10986328125 0.0859375
10 0.362060546875 0.3369140625 0.09326171875 0.057942708333333336
11 0.66796875 0.4700520833333333 0.099609375 0.08333333333333333
11 0.427734375 0.2724609375 0.0498046875 0.09049479166666667
13 0.503173828125 0.4495442708333333 0.07275390625 0.11002604166666667
14 0.554443359375 0.3616536458333333 0.08251953125 0.115234375
16 0.31591796875 0.3837890625 0.0439453125 0.061848958333333336
17 0.537841796875 0.3994140625 0.55712890625 0.4993489583333333
