0 0.249756 0.452474 0.041504 0.045573
0 0.386963 0.440430 0.105957 0.033203
1 0.380127 0.359375 0.059082 0.062500
1 0.435547 0.328125 0.086914 0.031250
2 0.386963 0.391602 0.054199 0.060547
3 0.346436 0.383464 0.078613 0.141927
11 0.447510 0.385417 0.050293 0.044271
11 0.452393 0.418294 0.038574 0.060547
11 0.352295 0.367188 0.034668 0.042969
4 0.291504 0.372721 0.026367 0.031901
5 0.442139 0.347656 0.036621 0.041667
9 0.293213 0.445964 0.061035 0.058594
10 0.255127 0.395833 0.040527 0.070312
17 0.348877 0.418945 0.326660 0.235026
