12 0.525879 0.472982 0.033203 0.126953
0 0.527344 0.537760 0.102539 0.031250
2 0.531006 0.571615 0.062988 0.074219
14 0.447510 0.500977 0.043457 0.064453
5 0.451172 0.567057 0.060547 0.069010
6 0.516846 0.517253 0.080566 0.027995
8 0.619141 0.566081 0.081055 0.089193
7 0.503174 0.471029 0.025879 0.145182
10 0.419922 0.513997 0.027344 0.110026
10 0.574219 0.465820 0.031250 0.119141
10 0.617188 0.460938 0.036133 0.131510
12 0.473877 0.524740 0.017090 0.070312
17 0.520264 0.553060 0.371582 0.332682
