0 0.649658 0.977214 0.105957 0.045573
1 0.666016 0.846354 0.034180 0.174479
1 0.467773 0.752279 0.039062 0.186849
1 0.767822 0.885091 0.032715 0.128255
2 0.618896 0.750977 0.046387 0.194661
1 0.711426 0.800130 0.033203 0.131510
3 0.545898 0.977539 0.046875 0.044922
1 0.761475 0.782878 0.024902 0.081380
4 0.561523 0.820964 0.563477 0.358073
5 0.540527 1.000000 0.299805 0.000000
6 0.591309 0.838216 0.041016 0.110026
0 0.399414 0.946940 0.144531 0.102214
1 0.580811 0.910156 0.051270 0.078125
1 0.537842 0.763672 0.060059 0.105469
7 0.510254 0.859375 0.031250 0.067708
8 0.397705 0.871745 0.057129 0.083333
1 0.469971 0.900716 0.053223 0.081380
