1 0.454590 0.517578 0.128906 0.032552
1 0.419922 0.536458 0.029297 0.098958
1 0.606934 0.501953 0.094727 0.074219
1 0.546875 0.449544 0.125000 0.024089
1 0.522461 0.441081 0.038086 0.070964
1 0.502930 0.425781 0.125977 0.013021
1 0.465088 0.417318 0.116699 0.040365
1 0.583008 0.447266 0.041992 0.026042
0 0.510254 0.419922 0.040039 0.066406
0 0.571045 0.560221 0.114746 0.068359
0 0.640381 0.506510 0.076660 0.040365
0 0.574219 0.446615 0.038086 0.018229
2 0.489502 0.437826 0.076660 0.080078
2 0.541260 0.482747 0.066895 0.073568
2 0.608887 0.521159 0.069336 0.077474
2 0.479248 0.552734 0.067871 0.078125
17 0.526367 0.523112 0.367188 0.298828
