1 0.2880859375 0.5263671875 0.0693359375 0.16341145833333334
1 0.570556640625 0.5380859375 0.14208984375 0.12174479166666667
5 0.47509765625 0.439453125 0.0400390625 0.078125
6 0.345703125 0.4361979166666667 0.09375 0.03515625
7 0.427978515625 0.4124348958333333 0.06591796875 0.267578125
8 0.52685546875 0.3665364583333333 0.126953125 0.16015625
8 0.35498046875 0.3707682291666667 0.1025390625 0.14127604166666666
10 0.544921875 0.4404296875 0.099609375 0.044921875
10 0.474609375 0.392578125 0.03125 0.052083333333333336
10 0.47998046875 0.4996744791666667 0.1240234375 0.10872395833333333
10 0.552001953125 0.5071614583333334 0.13720703125 0.11458333333333333
12 0.357421875 0.4671223958333333 0.0810546875 0.13997395833333334
17 0.467529296875 0.4807942708333333 0.52685546875 0.4654947916666667
