9 0.366455078125 0.6220703125 0.04345703125 0.09049479166666667
9 0.348388671875 0.6888020833333334 0.04541015625 0.09895833333333333
9 0.45068359375 0.6637369791666666 0.0400390625 0.08528645833333333
6 0.41259765625 0.7138671875 0.025390625 0.10481770833333333
5 0.469482421875 0.6103515625 0.04052734375 0.08528645833333333
14 0.822265625 0.6350911458333334 0.0546875 0.061848958333333336
8 0.727294921875 0.6474609375 0.10302734375 0.103515625
2 0.737548828125 0.728515625 0.09228515625 0.09375
2 0.818115234375 0.7180989583333334 0.07666015625 0.11458333333333333
4 0.265380859375 0.6292317708333334 0.03955078125 0.051432291666666664
4 0.27685546875 0.6793619791666666 0.0498046875 0.051432291666666664
4 0.314208984375 0.6236979166666666 0.03564453125 0.04296875
8 0.332275390625 0.5572916666666666 0.11767578125 0.08463541666666667
8 0.451904296875 0.5426432291666666 0.11767578125 0.12434895833333333
17 0.390380859375 0.6432291666666666 0.31689453125 0.3229166666666667
