1 0.473633 0.447917 0.086914 0.022135
1 0.469727 0.456380 0.073242 0.019531
1 0.477295 0.426432 0.063965 0.079427
1 0.473633 0.524089 0.123047 0.013021
1 0.461670 0.523438 0.137207 0.015625
1 0.574463 0.526367 0.133301 0.025391
1 0.645508 0.473307 0.026367 0.085938
1 0.583008 0.477865 0.055664 0.013021
1 0.513672 0.438477 0.017578 0.035807
0 0.579346 0.464193 0.039551 0.036458
0 0.591797 0.498698 0.088867 0.093750
0 0.534668 0.493490 0.031250 0.052083
0 0.577881 0.484701 0.054199 0.024089
2 0.456543 0.454102 0.098633 0.085286
2 0.520020 0.568359 0.076172 0.089844
2 0.586426 0.555990 0.067383 0.069010
2 0.631836 0.492839 0.067383 0.063802
17 0.525391 0.527669 0.366211 0.300130
