4 0.568115234375 0.4176432291666667 0.03662109375 0.034505208333333336
4 0.5390625 0.357421875 0.048828125 0.029947916666666668
6 0.568359375 0.4557291666666667 0.0634765625 0.045572916666666664
6 0.69580078125 0.3753255208333333 0.0419921875 0.039713541666666664
5 0.542236328125 0.4069010416666667 0.03662109375 0.06640625
5 0.603759765625 0.318359375 0.03662109375 0.03125
7 0.558837890625 0.3141276041666667 0.04150390625 0.126953125
11 0.683349609375 0.4143880208333333 0.04443359375 0.042317708333333336
11 0.65087890625 0.3929036458333333 0.03125 0.095703125
10 0.602294921875 0.3649088541666667 0.04248046875 0.10091145833333333
10 0.60498046875 0.4423828125 0.0830078125 0.047526041666666664
12 0.636962890625 0.3131510416666667 0.04052734375 0.11458333333333333
17 0.613037109375 0.3766276041666667 0.37060546875 0.2727864583333333
