9 0.444092 0.609701 0.049316 0.107422
9 0.442383 0.698242 0.045898 0.077474
14 0.436523 0.742839 0.043945 0.057292
10 0.500732 0.666016 0.043457 0.190104
10 0.399902 0.625000 0.039062 0.134115
11 0.389648 0.724609 0.081055 0.105469
2 0.402100 0.795247 0.097168 0.119141
1 0.526611 0.804036 0.021973 0.134115
3 0.488770 0.694010 0.244141 0.260417
4 0.356201 0.658203 0.043457 0.052083
11 0.350342 0.726237 0.034668 0.078776
10 0.323730 0.787760 0.083008 0.134115
10 0.473877 0.808594 0.083496 0.149740
17 0.422119 0.737305 0.412598 0.391276
