9 0.452637 0.608724 0.049805 0.101562
9 0.450684 0.694661 0.045898 0.080729
14 0.433105 0.746419 0.046875 0.064453
10 0.461426 0.818034 0.100586 0.146484
10 0.500977 0.666992 0.041016 0.180339
10 0.409424 0.631510 0.039551 0.143229
10 0.315674 0.770508 0.068848 0.132161
2 0.389893 0.800130 0.097168 0.121094
4 0.363525 0.654622 0.047363 0.048828
11 0.356201 0.716146 0.039551 0.070312
11 0.384277 0.734701 0.091797 0.117839
3 0.489502 0.703776 0.227051 0.248698
1 0.518555 0.805664 0.042969 0.147786
18 0.422607 0.727539 0.420410 0.374349
