10 0.554932 0.677083 0.051270 0.144531
9 0.371582 0.805990 0.052734 0.136719
9 0.544434 0.744466 0.045898 0.112630
1 0.491211 0.788737 0.146484 0.069661
11 0.470703 0.793294 0.087891 0.064453
4 0.487305 0.837240 0.067383 0.052083
3 0.418213 0.711914 0.046387 0.281901
5 0.393555 0.716471 0.045898 0.103516
11 0.337402 0.688477 0.037109 0.115234
2 0.313232 0.787435 0.085449 0.099609
2 0.495850 0.708333 0.061035 0.079427
0 0.476562 0.683268 0.071289 0.043620
1 0.414062 0.702799 0.108398 0.017578
17 0.423584 0.749349 0.417480 0.377604
