9 0.56005859375 0.4791666666666667 0.0419921875 0.09765625
9 0.53515625 0.5478515625 0.0673828125 0.06315104166666667
9 0.582763671875 0.4664713541666667 0.01904296875 0.08528645833333333
4 0.593505859375 0.5817057291666666 0.06298828125 0.057942708333333336
6 0.572509765625 0.4189453125 0.09326171875 0.054036458333333336
6 0.60498046875 0.6350911458333334 0.06640625 0.07096354166666667
5 0.458251953125 0.5960286458333334 0.07763671875 0.12955729166666666
5 0.633544921875 0.54296875 0.08544921875 0.10286458333333333
7 0.429931640625 0.529296875 0.03662109375 0.0625
8 0.47607421875 0.4658203125 0.162109375 0.126953125
11 0.55126953125 0.6471354166666666 0.09765625 0.11197916666666667
10 0.402587890625 0.4606119791666667 0.03662109375 0.064453125
12 0.630126953125 0.4664713541666667 0.06787109375 0.072265625
12 0.40234375 0.50390625 0.04296875 0.0625
17 0.501708984375 0.6259765625 0.52490234375 0.498046875
