9 0.62158203125 0.3948567708333333 0.0380859375 0.095703125
4 0.655517578125 0.3391927083333333 0.04638671875 0.032552083333333336
4 0.6357421875 0.3033854166666667 0.0458984375 0.032552083333333336
6 0.6220703125 0.380859375 0.091796875 0.05859375
6 0.69140625 0.3108723958333333 0.1015625 0.021484375
5 0.680419921875 0.4140625 0.07568359375 0.08463541666666667
8 0.603271484375 0.3408203125 0.06396484375 0.039713541666666664
11 0.75048828125 0.3938802083333333 0.03515625 0.06901041666666667
11 0.69970703125 0.2825520833333333 0.0341796875 0.029947916666666668
10 0.713623046875 0.3701171875 0.04443359375 0.130859375
10 0.68408203125 0.3271484375 0.0302734375 0.076171875
17 0.65576171875 0.4016927083333333 0.3642578125 0.27734375
