9 0.424560546875 0.5078125 0.04443359375 0.12239583333333333
4 0.591552734375 0.482421875 0.04248046875 0.061197916666666664
6 0.423583984375 0.6041666666666666 0.13427734375 0.037760416666666664
6 0.44970703125 0.6168619791666666 0.1220703125 0.038411458333333336
5 0.538818359375 0.5511067708333334 0.06494140625 0.123046875
5 0.37548828125 0.5185546875 0.06640625 0.126953125
7 0.576171875 0.5270182291666666 0.150390625 0.12825520833333334
7 0.334228515625 0.4973958333333333 0.11376953125 0.14322916666666666
8 0.502197265625 0.4270833333333333 0.08935546875 0.08463541666666667
10 0.46240234375 0.5491536458333334 0.0849609375 0.064453125
10 0.41943359375 0.48046875 0.1572265625 0.07161458333333333
12 0.43896484375 0.3684895833333333 0.0458984375 0.16666666666666666
17 0.44580078125 0.564453125 0.5234375 0.5807291666666666
