9 0.68115234375 0.4580078125 0.048828125 0.07356770833333333
4 0.792724609375 0.478515625 0.04345703125 0.044270833333333336
6 0.70849609375 0.3841145833333333 0.0322265625 0.046875
5 0.612060546875 0.380859375 0.06494140625 0.0546875
7 0.794677734375 0.4365234375 0.12939453125 0.06705729166666667
8 0.57861328125 0.431640625 0.1220703125 0.0859375
11 0.656982421875 0.4290364583333333 0.05126953125 0.055989583333333336
10 0.742431640625 0.4703776041666667 0.08447265625 0.11393229166666667
10 0.731689453125 0.3756510416666667 0.02978515625 0.053385416666666664
12 0.681884765625 0.3902994791666667 0.07470703125 0.080078125
17 0.733642578125 0.4606119791666667 0.42724609375 0.24934895833333334
