9 0.7353515625 0.37890625 0.0478515625 0.09765625
4 0.637451171875 0.3404947916666667 0.02099609375 0.041666666666666664
6 0.592041015625 0.3414713541666667 0.08349609375 0.043619791666666664
5 0.635009765625 0.4059244791666667 0.04736328125 0.08658854166666667
5 0.695556640625 0.3616536458333333 0.05029296875 0.059244791666666664
7 0.660888671875 0.3020833333333333 0.06787109375 0.048177083333333336
7 0.614501953125 0.359375 0.03173828125 0.057291666666666664
7 0.53564453125 0.3753255208333333 0.0830078125 0.050130208333333336
11 0.685302734375 0.4091796875 0.05419921875 0.06315104166666667
11 0.7705078125 0.3671875 0.0283203125 0.055989583333333336
10 0.651611328125 0.3248697916666667 0.03271484375 0.07682291666666667
10 0.560546875 0.2955729166666667 0.017578125 0.09765625
12 0.588134765625 0.3167317708333333 0.04052734375 0.17643229166666666
17 0.646240234375 0.3883463541666667 0.39111328125 0.3248697916666667
