9 0.70556640625 0.3600260416666667 0.0419921875 0.045572916666666664
9 0.618896484375 0.404296875 0.04052734375 0.09765625
4 0.717041015625 0.3974609375 0.04345703125 0.029296875
6 0.615966796875 0.3232421875 0.02294921875 0.021484375
6 0.6435546875 0.4342447916666667 0.0224609375 0.044270833333333336
5 0.75 0.3616536458333333 0.037109375 0.08528645833333333
5 0.665283203125 0.3854166666666667 0.05908203125 0.06770833333333333
5 0.55078125 0.3802083333333333 0.0498046875 0.08072916666666667
7 0.684814453125 0.3141276041666667 0.09033203125 0.054036458333333336
7 0.592041015625 0.3645833333333333 0.04345703125 0.04296875
7 0.59130859375 0.3294270833333333 0.0615234375 0.0390625
11 0.72216796875 0.4244791666666667 0.091796875 0.05859375
11 0.588623046875 0.4098307291666667 0.02587890625 0.064453125
10 0.663330078125 0.2620442708333333 0.04150390625 0.06315104166666667
10 0.633544921875 0.3287760416666667 0.03173828125 0.07291666666666667
12 0.60302734375 0.2822265625 0.041015625 0.12825520833333334
17 0.643798828125 0.38671875 0.38818359375 0.3359375
