9 0.7529296875 0.3385416666666667 0.0234375 0.08072916666666667
4 0.634033203125 0.2874348958333333 0.04541015625 0.044921875
4 0.66259765625 0.3395182291666667 0.0546875 0.039713541666666664
6 0.724365234375 0.298828125 0.07763671875 0.055989583333333336
6 0.623779296875 0.4156901041666667 0.04248046875 0.068359375
6 0.685791015625 0.4267578125 0.08447265625 0.038411458333333336
7 0.72119140625 0.330078125 0.0595703125 0.057291666666666664
11 0.626708984375 0.3313802083333333 0.03955078125 0.055989583333333336
10 0.66796875 0.2998046875 0.0224609375 0.054036458333333336
10 0.7373046875 0.3883463541666667 0.146484375 0.047526041666666664
10 0.613037109375 0.384765625 0.08544921875 0.06901041666666667
17 0.65869140625 0.3981119791666667 0.3583984375 0.283203125
