9 0.6474609375 0.3785807291666667 0.04296875 0.06315104166666667
9 0.611572265625 0.3255208333333333 0.00146484375 0.0013020833333333333
9 0.600830078125 0.3671875 0.02587890625 0.049479166666666664
9 0.6240234375 0.3597005208333333 0.03125 0.072265625
6 0.62255859375 0.32421875 0.033203125 0.045572916666666664
5 0.59619140625 0.3043619791666667 0.029296875 0.041015625
5 0.555419921875 0.3824869791666667 0.05419921875 0.076171875
7 0.686279296875 0.3811848958333333 0.02880859375 0.076171875
8 0.6708984375 0.3147786458333333 0.0810546875 0.06705729166666667
11 0.56103515625 0.341796875 0.0546875 0.0234375
10 0.754150390625 0.3776041666666667 0.04736328125 0.09765625
12 0.617431640625 0.4235026041666667 0.13427734375 0.06315104166666667
12 0.713623046875 0.3763020833333333 0.04736328125 0.08072916666666667
17 0.6474609375 0.4127604166666667 0.3935546875 0.2877604166666667
