9 0.570068359375 0.3430989583333333 0.03271484375 0.07682291666666667
9 0.691650390625 0.3994140625 0.04443359375 0.054036458333333336
4 0.60693359375 0.4143880208333333 0.0322265625 0.046223958333333336
5 0.645751953125 0.4078776041666667 0.05029296875 0.09700520833333333
5 0.616455078125 0.3740234375 0.04931640625 0.047526041666666664
7 0.675537109375 0.3404947916666667 0.11572265625 0.08203125
7 0.77734375 0.3505859375 0.080078125 0.043619791666666664
11 0.56640625 0.4195963541666667 0.0546875 0.06705729166666667
10 0.7822265625 0.3375651041666667 0.048828125 0.14778645833333334
12 0.718994140625 0.2604166666666667 0.03662109375 0.09895833333333333
12 0.7158203125 0.41796875 0.1044921875 0.07682291666666667
17 0.66943359375 0.3733723958333333 0.349609375 0.3470052083333333
