9 0.588134765625 0.3284505208333333 0.02197265625 0.029296875
6 0.6240234375 0.2923177083333333 0.0478515625 0.032552083333333336
6 0.695556640625 0.3802083333333333 0.02587890625 0.0234375
5 0.728759765625 0.380859375 0.05712890625 0.09114583333333333
7 0.6279296875 0.3860677083333333 0.109375 0.08723958333333333
8 0.655029296875 0.333984375 0.12841796875 0.05859375
11 0.766357421875 0.3649088541666667 0.03173828125 0.054036458333333336
10 0.545166015625 0.4078776041666667 0.09033203125 0.061848958333333336
12 0.597412109375 0.3984375 0.08447265625 0.07421875
12 0.558837890625 0.3408203125 0.03955078125 0.043619791666666664
17 0.646728515625 0.4130859375 0.39501953125 0.2819010416666667
