9 0.57861328125 0.3828125 0.041015625 0.09505208333333333
9 0.5615234375 0.3505859375 0.029296875 0.08658854166666667
9 0.7109375 0.3704427083333333 0.025390625 0.0546875
4 0.724365234375 0.3284505208333333 0.05224609375 0.033203125
4 0.689453125 0.4130859375 0.0458984375 0.034505208333333336
6 0.61474609375 0.408203125 0.03515625 0.044270833333333336
6 0.681640625 0.361328125 0.0322265625 0.07291666666666667
5 0.73388671875 0.3899739583333333 0.0478515625 0.09114583333333333
5 0.658935546875 0.3798828125 0.04736328125 0.055338541666666664
7 0.65771484375 0.3505859375 0.0908203125 0.039713541666666664
8 0.80517578125 0.359375 0.09765625 0.10807291666666667
11 0.606201171875 0.3815104166666667 0.03076171875 0.052083333333333336
11 0.6572265625 0.4368489583333333 0.0869140625 0.0546875
11 0.627685546875 0.3229166666666667 0.02587890625 0.032552083333333336
10 0.69091796875 0.2815755208333333 0.03515625 0.06575520833333333
10 0.6513671875 0.3258463541666667 0.03125 0.060546875
10 0.741943359375 0.2659505208333333 0.04541015625 0.08528645833333333
17 0.672119140625 0.3746744791666667 0.38232421875 0.3196614583333333
