9 0.678466796875 0.4534505208333333 0.04345703125 0.09049479166666667
4 0.68505859375 0.3264973958333333 0.03125 0.031901041666666664
4 0.6328125 0.3678385416666667 0.0244140625 0.037760416666666664
6 0.562744140625 0.4280598958333333 0.03369140625 0.054036458333333336
6 0.559814453125 0.4527994791666667 0.05419921875 0.052734375
6 0.533447265625 0.4251302083333333 0.04345703125 0.049479166666666664
5 0.653076171875 0.4339192708333333 0.03564453125 0.095703125
8 0.7275390625 0.3841145833333333 0.078125 0.1953125
11 0.654296875 0.3776041666666667 0.0380859375 0.036458333333333336
10 0.6044921875 0.4225260416666667 0.0458984375 0.12239583333333333
10 0.65478515625 0.3186848958333333 0.03515625 0.099609375
12 0.600830078125 0.3271484375 0.04150390625 0.09049479166666667
17 0.63134765625 0.41015625 0.3828125 0.30078125
