9 0.568603515625 0.4088541666666667 0.03662109375 0.06770833333333333
4 0.636962890625 0.4563802083333333 0.04833984375 0.045572916666666664
5 0.697265625 0.3756510416666667 0.046875 0.053385416666666664
7 0.671875 0.4244791666666667 0.1005859375 0.09375
8 0.61083984375 0.345703125 0.0654296875 0.045572916666666664
11 0.69287109375 0.4020182291666667 0.0498046875 0.044921875
10 0.59130859375 0.4348958333333333 0.0419921875 0.09375
10 0.56689453125 0.3264973958333333 0.0341796875 0.10481770833333333
12 0.658203125 0.3138020833333333 0.03515625 0.12630208333333334
17 0.614013671875 0.3841145833333333 0.35009765625 0.2786458333333333
