9 0.73388671875 0.3102213541666667 0.037109375 0.050130208333333336
4 0.609619140625 0.3365885416666667 0.02783203125 0.033854166666666664
6 0.608154296875 0.3655598958333333 0.02978515625 0.048828125
5 0.732421875 0.3821614583333333 0.0556640625 0.09244791666666667
7 0.640869140625 0.376953125 0.11474609375 0.06510416666666667
7 0.587158203125 0.4095052083333333 0.06689453125 0.08854166666666667
7 0.616943359375 0.3030598958333333 0.10693359375 0.057942708333333336
11 0.696044921875 0.3313802083333333 0.02880859375 0.041666666666666664
11 0.695556640625 0.3785807291666667 0.02001953125 0.059244791666666664
10 0.5458984375 0.34765625 0.0322265625 0.12890625
10 0.666748046875 0.3206380208333333 0.02392578125 0.08919270833333333
12 0.638916015625 0.3313802083333333 0.04541015625 0.18619791666666666
17 0.646240234375 0.3971354166666667 0.39306640625 0.3177083333333333
