4 0.673583984375 0.4811197916666667 0.02978515625 0.033854166666666664
6 0.652587890625 0.5283203125 0.04443359375 0.037109375
6 0.7119140625 0.4820963541666667 0.017578125 0.047526041666666664
5 0.579345703125 0.5084635416666666 0.03662109375 0.06380208333333333
5 0.678466796875 0.5185546875 0.02978515625 0.039713541666666664
7 0.61669921875 0.4892578125 0.02734375 0.12955729166666666
11 0.66015625 0.4378255208333333 0.0244140625 0.056640625
11 0.6376953125 0.4615885416666667 0.0205078125 0.041666666666666664
10 0.650390625 0.4505208333333333 0.0263671875 0.055989583333333336
10 0.69287109375 0.4661458333333333 0.0283203125 0.040364583333333336
12 0.619873046875 0.4049479166666667 0.03173828125 0.055989583333333336
17 0.61376953125 0.4925130208333333 0.27734375 0.244140625
