9 0.579833984375 0.3870442708333333 0.03857421875 0.099609375
4 0.68896484375 0.4270833333333333 0.0498046875 0.052083333333333336
4 0.69580078125 0.3782552083333333 0.033203125 0.052083333333333336
6 0.6162109375 0.4153645833333333 0.0380859375 0.05859375
5 0.742431640625 0.4026692708333333 0.04833984375 0.09309895833333333
5 0.660888671875 0.38671875 0.05419921875 0.0546875
5 0.589599609375 0.3359375 0.04052734375 0.046875
7 0.638671875 0.357421875 0.03125 0.0390625
7 0.71240234375 0.3313802083333333 0.1220703125 0.059895833333333336
11 0.6572265625 0.4479166666666667 0.08203125 0.046875
10 0.760009765625 0.2760416666666667 0.04345703125 0.07552083333333333
12 0.783447265625 0.3981119791666667 0.04052734375 0.10221354166666667
12 0.673095703125 0.259765625 0.04345703125 0.10026041666666667
17 0.665283203125 0.3743489583333333 0.35888671875 0.3385416666666667
