4 0.599609375 0.3255208333333333 0.046875 0.033854166666666664
6 0.752197265625 0.408203125 0.11083984375 0.04296875
6 0.56982421875 0.3681640625 0.03125 0.029296875
5 0.719482421875 0.3304036458333333 0.03271484375 0.050130208333333336
5 0.601318359375 0.3639322916666667 0.04052734375 0.048177083333333336
7 0.65283203125 0.3372395833333333 0.0517578125 0.036458333333333336
8 0.61474609375 0.4072265625 0.1015625 0.11393229166666667
11 0.68994140625 0.3284505208333333 0.0244140625 0.051432291666666664
10 0.69091796875 0.3587239583333333 0.0537109375 0.02734375
12 0.753662109375 0.3512369791666667 0.03759765625 0.07747395833333333
12 0.6904296875 0.3909505208333333 0.07421875 0.051432291666666664
17 0.675537109375 0.3844401041666667 0.32177734375 0.18033854166666666
