4 0.68359375 0.4664713541666667 0.033203125 0.025390625
6 0.5595703125 0.5302734375 0.0546875 0.060546875
5 0.61083984375 0.54296875 0.041015625 0.06640625
5 0.68798828125 0.505859375 0.03515625 0.053385416666666664
7 0.656005859375 0.501953125 0.03564453125 0.13020833333333334
11 0.57568359375 0.4921875 0.0302734375 0.033854166666666664
11 0.6279296875 0.5328776041666666 0.03125 0.06966145833333333
11 0.61474609375 0.46484375 0.017578125 0.0703125
10 0.626953125 0.4563802083333333 0.0205078125 0.059895833333333336
12 0.597412109375 0.4573567708333333 0.02783203125 0.099609375
17 0.638427734375 0.5361328125 0.29833984375 0.2571614583333333
