9 0.70703125 0.4124348958333333 0.0380859375 0.06315104166666667
4 0.627197265625 0.3264973958333333 0.04638671875 0.035807291666666664
6 0.5458984375 0.4521484375 0.0263671875 0.07356770833333333
5 0.6533203125 0.4195963541666667 0.0380859375 0.08919270833333333
7 0.677001953125 0.3902994791666667 0.03369140625 0.10481770833333333
8 0.52978515625 0.3671875 0.1142578125 0.08463541666666667
11 0.637451171875 0.3619791666666667 0.03955078125 0.02734375
10 0.613525390625 0.4095052083333333 0.03564453125 0.12630208333333334
10 0.5947265625 0.4026692708333333 0.02734375 0.08268229166666667
12 0.566162109375 0.4069010416666667 0.02685546875 0.08854166666666667
12 0.71728515625 0.3675130208333333 0.0693359375 0.07486979166666667
17 0.59765625 0.4150390625 0.3310546875 0.20247395833333334
