9 0.605712890625 0.4342447916666667 0.04345703125 0.07421875
4 0.70947265625 0.43359375 0.0390625 0.032552083333333336
6 0.613037109375 0.3688151041666667 0.03369140625 0.039713541666666664
5 0.526611328125 0.3759765625 0.05029296875 0.043619791666666664
7 0.71044921875 0.40234375 0.1181640625 0.0546875
8 0.504638671875 0.4235026041666667 0.12060546875 0.08138020833333333
11 0.577880859375 0.412109375 0.03955078125 0.055989583333333336
11 0.644287109375 0.3873697916666667 0.02783203125 0.03125
10 0.63525390625 0.35546875 0.0322265625 0.0390625
10 0.677490234375 0.4443359375 0.09228515625 0.076171875
12 0.59228515625 0.3723958333333333 0.076171875 0.06510416666666667
17 0.6328125 0.4225260416666667 0.3994140625 0.2682291666666667
