9 0.76220703125 0.4280598958333333 0.0576171875 0.057942708333333336
4 0.732177734375 0.3313802083333333 0.05029296875 0.03515625
6 0.57763671875 0.4261067708333333 0.0478515625 0.060546875
5 0.682373046875 0.4215494791666667 0.04248046875 0.09309895833333333
5 0.733154296875 0.3642578125 0.03759765625 0.043619791666666664
7 0.744384765625 0.4039713541666667 0.08251953125 0.09049479166666667
8 0.638671875 0.3453776041666667 0.1181640625 0.06315104166666667
11 0.69287109375 0.3782552083333333 0.0478515625 0.049479166666666664
10 0.632080078125 0.4049479166666667 0.03955078125 0.12109375
12 0.80810546875 0.4020182291666667 0.044921875 0.08919270833333333
17 0.679443359375 0.4261067708333333 0.39404296875 0.23893229166666666
