9 0.762451171875 0.4026692708333333 0.03662109375 0.09049479166666667
9 0.600341796875 0.3948567708333333 0.03759765625 0.07747395833333333
4 0.7919921875 0.3486328125 0.046875 0.031901041666666664
4 0.815673828125 0.3929036458333333 0.02197265625 0.034505208333333336
5 0.794189453125 0.4036458333333333 0.02392578125 0.0625
8 0.65869140625 0.3736979166666667 0.103515625 0.16927083333333334
10 0.740966796875 0.3486328125 0.02197265625 0.15559895833333334
10 0.60302734375 0.3287760416666667 0.0322265625 0.07291666666666667
12 0.652099609375 0.2789713541666667 0.03662109375 0.07356770833333333
12 0.717529296875 0.3766276041666667 0.04248046875 0.18294270833333334
17 0.686279296875 0.3782552083333333 0.35205078125 0.28125
