9 0.418212890625 0.4739583333333333 0.04345703125 0.09635416666666667
4 0.5673828125 0.5592447916666666 0.0380859375 0.11328125
6 0.365478515625 0.5537109375 0.08447265625 0.07356770833333333
6 0.365478515625 0.5764973958333334 0.08935546875 0.050130208333333336
5 0.44873046875 0.5677083333333334 0.06640625 0.125
5 0.3818359375 0.4606119791666667 0.0400390625 0.10872395833333333
7 0.4150390625 0.4488932291666667 0.1376953125 0.07486979166666667
7 0.5078125 0.58984375 0.0732421875 0.17838541666666666
8 0.56396484375 0.4752604166666667 0.15625 0.13411458333333334
10 0.451171875 0.4586588541666667 0.0947265625 0.119140625
12 0.50439453125 0.35546875 0.052734375 0.13020833333333334
17 0.4482421875 0.5657552083333334 0.5263671875 0.58203125
