9 0.58056640625 0.427734375 0.052734375 0.0546875
4 0.70703125 0.3701171875 0.0458984375 0.035807291666666664
4 0.74560546875 0.4088541666666667 0.02734375 0.03125
6 0.636474609375 0.3938802083333333 0.03662109375 0.04296875
6 0.7060546875 0.4573567708333333 0.0576171875 0.034505208333333336
5 0.7138671875 0.416015625 0.0517578125 0.055989583333333336
5 0.5908203125 0.3717447916666667 0.0380859375 0.05078125
7 0.634033203125 0.4182942708333333 0.08935546875 0.06705729166666667
8 0.74853515625 0.3655598958333333 0.1337890625 0.06705729166666667
11 0.628662109375 0.3707682291666667 0.03857421875 0.052734375
10 0.582763671875 0.3216145833333333 0.03759765625 0.046875
12 0.671142578125 0.3649088541666667 0.05322265625 0.043619791666666664
12 0.64208984375 0.4615885416666667 0.1435546875 0.06770833333333333
17 0.659912109375 0.4169921875 0.39013671875 0.24934895833333334
