9 0.7578125 0.375 0.0380859375 0.10286458333333333
9 0.78857421875 0.3466796875 0.0302734375 0.09049479166666667
9 0.644287109375 0.32421875 0.03369140625 0.041666666666666664
4 0.653076171875 0.2978515625 0.04638671875 0.033203125
6 0.561279296875 0.3818359375 0.03369140625 0.037109375
6 0.66064453125 0.3411458333333333 0.0234375 0.029947916666666668
5 0.71484375 0.4049479166666667 0.0556640625 0.07421875
5 0.72216796875 0.33984375 0.0400390625 0.06510416666666667
5 0.681640625 0.2864583333333333 0.0302734375 0.02734375
7 0.651123046875 0.37109375 0.08056640625 0.06640625
8 0.556396484375 0.330078125 0.05810546875 0.061197916666666664
11 0.651123046875 0.3763020833333333 0.03662109375 0.041666666666666664
10 0.65771484375 0.4182942708333333 0.109375 0.06705729166666667
10 0.597412109375 0.3557942708333333 0.02685546875 0.10481770833333333
10 0.592529296875 0.2682291666666667 0.04736328125 0.055989583333333336
10 0.685546875 0.3258463541666667 0.04296875 0.07877604166666667
17 0.65771484375 0.3782552083333333 0.3544921875 0.2942708333333333
