9 0.62939453125 0.3108723958333333 0.0283203125 0.057942708333333336
4 0.68408203125 0.296875 0.0517578125 0.03125
4 0.711181640625 0.3177083333333333 0.02685546875 0.022135416666666668
6 0.756591796875 0.3720703125 0.04736328125 0.047526041666666664
5 0.600830078125 0.35546875 0.04248046875 0.061197916666666664
5 0.705810546875 0.3551432291666667 0.02490234375 0.048828125
7 0.60888671875 0.3108723958333333 0.0615234375 0.039713541666666664
7 0.6689453125 0.310546875 0.0830078125 0.10807291666666667
11 0.632080078125 0.3916015625 0.05517578125 0.057942708333333336
11 0.68212890625 0.3626302083333333 0.03125 0.1015625
10 0.65185546875 0.33984375 0.02734375 0.09244791666666667
10 0.7255859375 0.3792317708333333 0.060546875 0.09049479166666667
17 0.658447265625 0.3912760416666667 0.35009765625 0.29296875
