9 0.66162109375 0.3694661458333333 0.06640625 0.034505208333333336
9 0.663818359375 0.3111979166666667 0.01318359375 0.02734375
4 0.716064453125 0.376953125 0.04248046875 0.0234375
6 0.661865234375 0.2903645833333333 0.03466796875 0.040364583333333336
6 0.76025390625 0.4055989583333333 0.0185546875 0.02734375
5 0.725830078125 0.345703125 0.05029296875 0.053385416666666664
5 0.66455078125 0.4075520833333333 0.05859375 0.08463541666666667
7 0.6015625 0.3899739583333333 0.04296875 0.07942708333333333
8 0.62255859375 0.3362630208333333 0.142578125 0.072265625
11 0.72509765625 0.416015625 0.0703125 0.052083333333333336
10 0.541015625 0.3675130208333333 0.0341796875 0.07096354166666667
12 0.571044921875 0.3779296875 0.04248046875 0.06705729166666667
17 0.644775390625 0.408203125 0.39599609375 0.29296875
