9 0.697021484375 0.3772786458333333 0.04150390625 0.08658854166666667
9 0.647705078125 0.328125 0.03271484375 0.032552083333333336
4 0.637451171875 0.359375 0.05810546875 0.04296875
6 0.64404296875 0.2796223958333333 0.0283203125 0.09440104166666667
6 0.587890625 0.4036458333333333 0.0576171875 0.06770833333333333
5 0.55810546875 0.3333333333333333 0.0537109375 0.045572916666666664
5 0.637939453125 0.4108072916666667 0.05126953125 0.078125
7 0.637939453125 0.3590494791666667 0.10009765625 0.054036458333333336
7 0.6748046875 0.3160807291666667 0.0380859375 0.033203125
11 0.56689453125 0.3824869791666667 0.060546875 0.054036458333333336
10 0.735107421875 0.3421223958333333 0.09326171875 0.052734375
12 0.745361328125 0.32421875 0.05419921875 0.18229166666666666
17 0.6455078125 0.3916015625 0.3896484375 0.3248697916666667
