9 0.567626953125 0.3684895833333333 0.03173828125 0.08984375
4 0.682861328125 0.3014322916666667 0.04541015625 0.028645833333333332
4 0.647705078125 0.333984375 0.04052734375 0.0390625
6 0.708251953125 0.3225911458333333 0.04443359375 0.034505208333333336
5 0.71533203125 0.3603515625 0.048828125 0.07486979166666667
5 0.59912109375 0.3994140625 0.0517578125 0.076171875
11 0.7392578125 0.3284505208333333 0.0361328125 0.10091145833333333
11 0.686767578125 0.4095052083333333 0.05712890625 0.061197916666666664
10 0.638916015625 0.3746744791666667 0.03662109375 0.12565104166666666
10 0.677490234375 0.3365885416666667 0.03466796875 0.08854166666666667
17 0.65869140625 0.4016927083333333 0.35546875 0.26953125
