4 0.672607421875 0.4749348958333333 0.03369140625 0.027994791666666668
6 0.548583984375 0.5084635416666666 0.06298828125 0.049479166666666664
6 0.69580078125 0.4866536458333333 0.0146484375 0.024088541666666668
5 0.676025390625 0.5055338541666666 0.03466796875 0.043619791666666664
5 0.580322265625 0.5283203125 0.03662109375 0.06966145833333333
7 0.63134765625 0.4996744791666667 0.0302734375 0.12174479166666667
11 0.60595703125 0.5201822916666666 0.0283203125 0.07942708333333333
11 0.620849609375 0.4280598958333333 0.02978515625 0.027994791666666668
10 0.637451171875 0.4560546875 0.02099609375 0.06315104166666667
12 0.597900390625 0.4332682291666667 0.02587890625 0.10091145833333333
17 0.621826171875 0.5016276041666666 0.24755859375 0.248046875
