9 0.7548828125 0.3564453125 0.041015625 0.08919270833333333
6 0.596435546875 0.3492838541666667 0.07470703125 0.052734375
5 0.687255859375 0.4007161458333333 0.05419921875 0.083984375
5 0.702392578125 0.3440755208333333 0.03955078125 0.06315104166666667
7 0.66455078125 0.3040364583333333 0.0771484375 0.045572916666666664
7 0.54150390625 0.4010416666666667 0.083984375 0.061197916666666664
7 0.637451171875 0.3837890625 0.04443359375 0.07356770833333333
11 0.722900390625 0.3929036458333333 0.03369140625 0.055338541666666664
11 0.724365234375 0.3447265625 0.02099609375 0.039713541666666664
10 0.549560546875 0.3193359375 0.03955078125 0.10872395833333333
10 0.657470703125 0.3251953125 0.03662109375 0.08268229166666667
12 0.60302734375 0.3333333333333333 0.03515625 0.171875
17 0.645263671875 0.4000651041666667 0.39208984375 0.3196614583333333
