9 0.535400390625 0.3473307291666667 0.03662109375 0.08528645833333333
9 0.65625 0.4026692708333333 0.044921875 0.054036458333333336
4 0.581298828125 0.4140625 0.03271484375 0.041666666666666664
6 0.703125 0.3294270833333333 0.02734375 0.026041666666666668
5 0.583251953125 0.3756510416666667 0.03857421875 0.05078125
5 0.616455078125 0.4055989583333333 0.04638671875 0.09635416666666667
7 0.638671875 0.3369140625 0.1181640625 0.07747395833333333
7 0.73486328125 0.3447265625 0.0771484375 0.047526041666666664
11 0.5380859375 0.4182942708333333 0.0595703125 0.06315104166666667
10 0.741943359375 0.3277994791666667 0.04248046875 0.12434895833333333
10 0.62548828125 0.296875 0.025390625 0.03125
12 0.67236328125 0.26171875 0.03515625 0.10416666666666667
12 0.686767578125 0.419921875 0.10009765625 0.08072916666666667
17 0.645263671875 0.376953125 0.38916015625 0.3541666666666667
