9 0.560546875 0.4127604166666667 0.02734375 0.078125
9 0.720947265625 0.4427083333333333 0.04052734375 0.10807291666666667
4 0.76611328125 0.3942057291666667 0.052734375 0.044921875
4 0.79345703125 0.4348958333333333 0.0341796875 0.04296875
5 0.761962890625 0.447265625 0.03369140625 0.0703125
8 0.605224609375 0.4016927083333333 0.10302734375 0.16536458333333334
10 0.7099609375 0.3675130208333333 0.0400390625 0.154296875
12 0.640625 0.2903645833333333 0.0458984375 0.07161458333333333
12 0.669921875 0.4052734375 0.0478515625 0.18684895833333334
17 0.677001953125 0.408203125 0.41064453125 0.33203125
