9 0.599365234375 0.3623046875 0.02294921875 0.044921875
9 0.620849609375 0.3600260416666667 0.02587890625 0.08072916666666667
9 0.64404296875 0.3818359375 0.0341796875 0.060546875
6 0.619140625 0.3258463541666667 0.03515625 0.051432291666666664
5 0.556640625 0.3779296875 0.0458984375 0.06315104166666667
7 0.675537109375 0.3776041666666667 0.04150390625 0.07942708333333333
8 0.654052734375 0.3111979166666667 0.13427734375 0.059895833333333336
11 0.559814453125 0.3365885416666667 0.04345703125 0.016927083333333332
10 0.755615234375 0.3798828125 0.05517578125 0.087890625
12 0.712158203125 0.3802083333333333 0.03662109375 0.09635416666666667
12 0.61181640625 0.4215494791666667 0.13671875 0.059244791666666664
17 0.64599609375 0.4147135416666667 0.390625 0.2838541666666667
