9 0.613525390625 0.4329427083333333 0.03564453125 0.08333333333333333
9 0.764404296875 0.3844401041666667 0.01904296875 0.080078125
6 0.547607421875 0.4033203125 0.03271484375 0.034505208333333336
6 0.5576171875 0.3854166666666667 0.0205078125 0.0234375
5 0.630615234375 0.4117838541666667 0.03955078125 0.09049479166666667
8 0.688720703125 0.3818359375 0.07470703125 0.18684895833333334
11 0.65576171875 0.3818359375 0.0302734375 0.06966145833333333
10 0.579833984375 0.384765625 0.03173828125 0.12239583333333333
10 0.6923828125 0.2994791666666667 0.029296875 0.06901041666666667
12 0.7373046875 0.3616536458333333 0.0458984375 0.17513020833333334
12 0.613525390625 0.3141276041666667 0.04638671875 0.10221354166666667
17 0.68408203125 0.3893229166666667 0.3662109375 0.26953125
