9 0.673583984375 0.4560546875 0.05712890625 0.048828125
4 0.729736328125 0.3486328125 0.05615234375 0.033203125
6 0.687255859375 0.3951822916666667 0.04638671875 0.036458333333333336
6 0.53662109375 0.404296875 0.0302734375 0.04296875
5 0.731689453125 0.3821614583333333 0.06005859375 0.041666666666666664
5 0.608642578125 0.4202473958333333 0.05029296875 0.09049479166666667
7 0.69580078125 0.4153645833333333 0.1181640625 0.0390625
8 0.668701171875 0.3404947916666667 0.07958984375 0.045572916666666664
11 0.64697265625 0.3873697916666667 0.0390625 0.055989583333333336
10 0.564697265625 0.3873697916666667 0.03564453125 0.11328125
12 0.76220703125 0.455078125 0.1181640625 0.07942708333333333
17 0.679443359375 0.4208984375 0.35693359375 0.208984375
