9 0.6298828125 0.3636067708333333 0.0322265625 0.095703125
9 0.663818359375 0.3932291666666667 0.03759765625 0.08333333333333333
4 0.5927734375 0.3499348958333333 0.0419921875 0.043619791666666664
6 0.631591796875 0.2786458333333333 0.02978515625 0.09635416666666667
6 0.544921875 0.3951822916666667 0.03515625 0.036458333333333336
5 0.5927734375 0.4029947916666667 0.05078125 0.06901041666666667
5 0.58984375 0.3121744791666667 0.0419921875 0.037109375
7 0.715087890625 0.3310546875 0.09619140625 0.044921875
11 0.55712890625 0.3639322916666667 0.0244140625 0.041666666666666664
10 0.76904296875 0.3688151041666667 0.05859375 0.07747395833333333
12 0.70751953125 0.3551432291666667 0.0458984375 0.193359375
17 0.643310546875 0.3854166666666667 0.38525390625 0.3385416666666667
