9 0.456787109375 0.5309244791666666 0.05029296875 0.10481770833333333
9 0.50244140625 0.4833984375 0.0517578125 0.048828125
4 0.5791015625 0.5126953125 0.0498046875 0.039713541666666664
6 0.4287109375 0.5794270833333334 0.017578125 0.171875
6 0.511474609375 0.4514973958333333 0.10400390625 0.051432291666666664
5 0.520263671875 0.5341796875 0.07275390625 0.072265625
5 0.335205078125 0.5387369791666666 0.06396484375 0.119140625
7 0.3505859375 0.4947916666666667 0.1376953125 0.12239583333333333
8 0.5126953125 0.6438802083333334 0.1943359375 0.16145833333333334
11 0.374267578125 0.5934244791666666 0.07470703125 0.095703125
11 0.40966796875 0.5003255208333334 0.0771484375 0.083984375
10 0.637939453125 0.5628255208333334 0.15185546875 0.09309895833333333
12 0.50390625 0.3727213541666667 0.0537109375 0.150390625
17 0.46044921875 0.5725911458333334 0.521484375 0.564453125
