9 0.526611328125 0.4986979166666667 0.06103515625 0.09375
9 0.508056640625 0.4456380208333333 0.03759765625 0.095703125
4 0.414306640625 0.5091145833333334 0.05712890625 0.057291666666666664
6 0.510986328125 0.421875 0.02978515625 0.037760416666666664
5 0.651123046875 0.4840494791666667 0.07470703125 0.06966145833333333
7 0.637451171875 0.568359375 0.16748046875 0.1171875
8 0.537841796875 0.408203125 0.09814453125 0.08723958333333333
11 0.572509765625 0.4990234375 0.07177734375 0.095703125
11 0.5966796875 0.4645182291666667 0.0390625 0.048828125
10 0.490966796875 0.5719401041666666 0.14990234375 0.08528645833333333
10 0.402099609375 0.4498697916666667 0.08349609375 0.07161458333333333
12 0.469970703125 0.4254557291666667 0.04833984375 0.197265625
17 0.50244140625 0.6009114583333334 0.5283203125 0.5625
