9 0.699462890625 0.3798828125 0.04052734375 0.095703125
4 0.661376953125 0.2760416666666667 0.06494140625 0.0390625
4 0.64013671875 0.3151041666666667 0.03125 0.029947916666666668
6 0.593017578125 0.404296875 0.07177734375 0.040364583333333336
6 0.565673828125 0.3798828125 0.04443359375 0.042317708333333336
6 0.709228515625 0.3274739583333333 0.09130859375 0.03515625
5 0.73828125 0.3782552083333333 0.041015625 0.06770833333333333
7 0.64013671875 0.3463541666666667 0.0751953125 0.061197916666666664
11 0.656005859375 0.306640625 0.03271484375 0.0390625
10 0.629150390625 0.390625 0.08837890625 0.10677083333333333
10 0.681396484375 0.3079427083333333 0.02978515625 0.049479166666666664
17 0.656005859375 0.3929036458333333 0.35302734375 0.291015625
