9 0.737060546875 0.3118489583333333 0.03271484375 0.07421875
4 0.67919921875 0.3548177083333333 0.048828125 0.053385416666666664
4 0.69091796875 0.3225911458333333 0.0302734375 0.025390625
6 0.737060546875 0.3483072916666667 0.06298828125 0.061197916666666664
6 0.62646484375 0.3274739583333333 0.0556640625 0.033854166666666664
5 0.688720703125 0.302734375 0.02587890625 0.02734375
5 0.63818359375 0.3655598958333333 0.0263671875 0.06315104166666667
8 0.6669921875 0.4189453125 0.1357421875 0.09309895833333333
11 0.6103515625 0.3665364583333333 0.03125 0.09765625
10 0.657958984375 0.2789713541666667 0.03369140625 0.056640625
10 0.6552734375 0.310546875 0.0234375 0.053385416666666664
17 0.65771484375 0.388671875 0.359375 0.2786458333333333
