9 0.65234375 0.3733723958333333 0.0390625 0.039713541666666664
6 0.745361328125 0.4560546875 0.06201171875 0.041015625
5 0.796630859375 0.3977864583333333 0.06005859375 0.045572916666666664
7 0.591552734375 0.427734375 0.09326171875 0.07291666666666667
8 0.73876953125 0.3629557291666667 0.1083984375 0.061848958333333336
11 0.63134765625 0.4508463541666667 0.078125 0.059244791666666664
11 0.6962890625 0.3951822916666667 0.048828125 0.040364583333333336
10 0.7158203125 0.4554036458333333 0.083984375 0.057942708333333336
10 0.606689453125 0.3834635416666667 0.11376953125 0.048177083333333336
12 0.731689453125 0.4244791666666667 0.13330078125 0.057291666666666664
17 0.6611328125 0.4290364583333333 0.3720703125 0.23697916666666666
