9 0.4404296875 0.46484375 0.0419921875 0.09635416666666667
4 0.46728515625 0.5970052083333334 0.04296875 0.09635416666666667
6 0.38330078125 0.47265625 0.0185546875 0.02734375
5 0.38232421875 0.5227864583333334 0.07421875 0.078125
5 0.439453125 0.40234375 0.044921875 0.028645833333333332
7 0.417236328125 0.5872395833333334 0.16259765625 0.13802083333333334
8 0.556640625 0.5286458333333334 0.1162109375 0.19401041666666666
10 0.483154296875 0.4596354166666667 0.04736328125 0.12890625
10 0.421875 0.5091145833333334 0.0400390625 0.07942708333333333
12 0.54345703125 0.3678385416666667 0.0517578125 0.11588541666666667
17 0.446044921875 0.5807291666666666 0.52490234375 0.5559895833333334
