9 0.626220703125 0.3805338541666667 0.03662109375 0.039713541666666664
4 0.552734375 0.4261067708333333 0.041015625 0.014973958333333334
6 0.670166015625 0.5120442708333334 0.08837890625 0.07356770833333333
5 0.69921875 0.4788411458333333 0.0751953125 0.061848958333333336
7 0.57861328125 0.4505208333333333 0.119140625 0.08072916666666667
8 0.76025390625 0.4261067708333333 0.1328125 0.09049479166666667
11 0.60986328125 0.4733072916666667 0.083984375 0.0546875
10 0.596923828125 0.408203125 0.10498046875 0.04296875
10 0.629150390625 0.3121744791666667 0.03076171875 0.09830729166666667
12 0.6767578125 0.3727213541666667 0.0498046875 0.15690104166666666
17 0.650146484375 0.4313151041666667 0.40380859375 0.3430989583333333
