4 0.570068359375 0.298828125 0.03662109375 0.03515625
6 0.544677734375 0.419921875 0.04931640625 0.055989583333333336
5 0.63134765625 0.3528645833333333 0.03515625 0.048177083333333336
5 0.568359375 0.3307291666666667 0.0498046875 0.05078125
7 0.632080078125 0.3411458333333333 0.05517578125 0.07161458333333333
8 0.491943359375 0.3561197916666667 0.10302734375 0.09244791666666667
11 0.605224609375 0.3450520833333333 0.02978515625 0.06510416666666667
10 0.570068359375 0.3587239583333333 0.03271484375 0.045572916666666664
12 0.62451171875 0.3951822916666667 0.1220703125 0.0546875
12 0.542724609375 0.3782552083333333 0.04736328125 0.06770833333333333
17 0.598876953125 0.3772786458333333 0.32080078125 0.19986979166666666
