9 0.621826171875 0.337890625 0.02978515625 0.06510416666666667
9 0.5830078125 0.3736979166666667 0.0341796875 0.07682291666666667
4 0.58251953125 0.3111979166666667 0.033203125 0.037760416666666664
6 0.622802734375 0.2643229166666667 0.02001953125 0.09635416666666667
5 0.710693359375 0.3359375 0.04150390625 0.061197916666666664
7 0.7060546875 0.4104817708333333 0.1162109375 0.08528645833333333
7 0.65771484375 0.3759765625 0.099609375 0.06705729166666667
11 0.661865234375 0.3385416666666667 0.03662109375 0.03515625
10 0.6416015625 0.4384765625 0.109375 0.076171875
12 0.54638671875 0.3518880208333333 0.044921875 0.181640625
17 0.646728515625 0.3831380208333333 0.39208984375 0.341796875
