9 0.460693359375 0.4856770833333333 0.03271484375 0.11588541666666667
9 0.529296875 0.5074869791666666 0.0283203125 0.064453125
4 0.41455078125 0.5556640625 0.076171875 0.056640625
6 0.442626953125 0.4225260416666667 0.06494140625 0.029947916666666668
5 0.60009765625 0.4440104166666667 0.0546875 0.08333333333333333
5 0.431640625 0.4703776041666667 0.0380859375 0.08138020833333333
7 0.6376953125 0.5166015625 0.080078125 0.134765625
8 0.403076171875 0.4205729166666667 0.11279296875 0.07161458333333333
11 0.5654296875 0.4768880208333333 0.0908203125 0.072265625
11 0.5498046875 0.4332682291666667 0.041015625 0.047526041666666664
10 0.340576171875 0.5084635416666666 0.15869140625 0.07421875
10 0.537841796875 0.576171875 0.13232421875 0.14192708333333334
12 0.49169921875 0.4384765625 0.0537109375 0.20638020833333334
17 0.503173828125 0.6022135416666666 0.52685546875 0.5546875
