9 0.67333984375 0.3004557291666667 0.0244140625 0.048828125
9 0.60498046875 0.3017578125 0.0341796875 0.054036458333333336
9 0.63671875 0.3763020833333333 0.0380859375 0.052083333333333336
4 0.628173828125 0.3395182291666667 0.03955078125 0.039713541666666664
4 0.603515625 0.3818359375 0.0126953125 0.034505208333333336
6 0.734619140625 0.3935546875 0.06005859375 0.080078125
6 0.66064453125 0.3430989583333333 0.03125 0.044270833333333336
5 0.574951171875 0.376953125 0.04150390625 0.09375
5 0.717041015625 0.3294270833333333 0.02197265625 0.06640625
8 0.6591796875 0.4225260416666667 0.14453125 0.0859375
11 0.53857421875 0.3766276041666667 0.0283203125 0.052734375
10 0.75439453125 0.3411458333333333 0.0419921875 0.10807291666666667
10 0.69970703125 0.326171875 0.037109375 0.13541666666666666
10 0.657470703125 0.3050130208333333 0.02978515625 0.064453125
17 0.656494140625 0.3896484375 0.35107421875 0.2897135416666667
