9 0.46240234375 0.51171875 0.0390625 0.06510416666666667
9 0.500732421875 0.5185546875 0.04736328125 0.119140625
9 0.541259765625 0.5546875 0.05810546875 0.07942708333333333
6 0.367431640625 0.5179036458333334 0.04443359375 0.039713541666666664
6 0.5 0.4710286458333333 0.02734375 0.09049479166666667
5 0.40869140625 0.5465494791666666 0.076171875 0.099609375
5 0.450927734375 0.421875 0.03857421875 0.052083333333333336
7 0.5712890625 0.5384114583333334 0.0634765625 0.11848958333333333
8 0.525634765625 0.4365234375 0.16552734375 0.10481770833333333
11 0.40087890625 0.4697265625 0.0654296875 0.051432291666666664
10 0.67333984375 0.5354817708333334 0.083984375 0.13216145833333334
12 0.509765625 0.6220703125 0.205078125 0.095703125
12 0.628662109375 0.5299479166666666 0.05126953125 0.13932291666666666
17 0.501220703125 0.6266276041666666 0.52880859375 0.509765625
