9 0.734375 0.3665364583333333 0.029296875 0.08333333333333333
4 0.636474609375 0.26953125 0.03271484375 0.02734375
4 0.611083984375 0.349609375 0.03759765625 0.03125
6 0.767333984375 0.3427734375 0.05029296875 0.11263020833333333
6 0.615234375 0.3382161458333333 0.01953125 0.024088541666666668
5 0.7568359375 0.3655598958333333 0.0126953125 0.056640625
7 0.712646484375 0.2669270833333333 0.05712890625 0.05859375
8 0.65087890625 0.3470052083333333 0.0771484375 0.18098958333333334
10 0.70068359375 0.3391927083333333 0.03515625 0.17057291666666666
17 0.65576171875 0.380859375 0.3662109375 0.3138020833333333
