9 0.64013671875 0.3587239583333333 0.0283203125 0.052083333333333336
9 0.668701171875 0.3567708333333333 0.03173828125 0.07421875
9 0.6943359375 0.3772786458333333 0.0361328125 0.054036458333333336
6 0.667236328125 0.3232421875 0.03173828125 0.054036458333333336
5 0.598876953125 0.3746744791666667 0.05126953125 0.06315104166666667
5 0.638916015625 0.3053385416666667 0.02001953125 0.028645833333333332
7 0.725341796875 0.380859375 0.03955078125 0.0859375
8 0.718017578125 0.3125 0.09521484375 0.0546875
11 0.603759765625 0.341796875 0.05029296875 0.033854166666666664
10 0.79833984375 0.3772786458333333 0.0537109375 0.08268229166666667
12 0.656982421875 0.4222005208333333 0.13818359375 0.061848958333333336
12 0.760498046875 0.3723958333333333 0.04345703125 0.09765625
17 0.69287109375 0.4134114583333333 0.400390625 0.28515625
