9 0.666748046875 0.3177083333333333 0.01904296875 0.028645833333333332
9 0.704345703125 0.4007161458333333 0.04052734375 0.09440104166666667
9 0.77294921875 0.3756510416666667 0.0419921875 0.1015625
4 0.685546875 0.2932942708333333 0.0400390625 0.030598958333333332
6 0.661865234375 0.3395182291666667 0.02294921875 0.029296875
5 0.73095703125 0.3525390625 0.0419921875 0.057942708333333336
5 0.734375 0.2998046875 0.041015625 0.057942708333333336
5 0.646484375 0.40625 0.0595703125 0.0859375
7 0.642822265625 0.3548177083333333 0.05615234375 0.055989583333333336
8 0.6474609375 0.3040364583333333 0.0322265625 0.041666666666666664
11 0.708984375 0.40625 0.0703125 0.0546875
11 0.802001953125 0.3723958333333333 0.02197265625 0.05078125
11 0.616455078125 0.3717447916666667 0.03564453125 0.05078125
10 0.592529296875 0.4078776041666667 0.05322265625 0.08268229166666667
10 0.5859375 0.32421875 0.0361328125 0.08203125
10 0.62255859375 0.2724609375 0.0361328125 0.09049479166666667
17 0.66162109375 0.3795572916666667 0.3623046875 0.3216145833333333
