9 0.491943359375 0.4739583333333333 0.05126953125 0.049479166666666664
4 0.48388671875 0.4195963541666667 0.0419921875 0.048828125
6 0.562255859375 0.5693359375 0.02783203125 0.115234375
6 0.5810546875 0.5491536458333334 0.0322265625 0.10481770833333333
5 0.550537109375 0.4632161458333333 0.06396484375 0.095703125
5 0.49462890625 0.5582682291666666 0.0654296875 0.12955729166666666
7 0.512451171875 0.4407552083333333 0.12353515625 0.06901041666666667
7 0.408447265625 0.6123046875 0.15283203125 0.15950520833333334
8 0.394775390625 0.4498697916666667 0.13916015625 0.06510416666666667
10 0.431640625 0.5231119791666666 0.0595703125 0.11002604166666667
10 0.53857421875 0.5257161458333334 0.0419921875 0.083984375
12 0.38330078125 0.4371744791666667 0.056640625 0.19596354166666666
17 0.442138671875 0.5859375 0.52294921875 0.5260416666666666
