9 0.753662109375 0.3473307291666667 0.01318359375 0.08528645833333333
4 0.63525390625 0.28515625 0.0322265625 0.04296875
4 0.568359375 0.3668619791666667 0.0498046875 0.043619791666666664
6 0.669921875 0.3277994791666667 0.0390625 0.048828125
6 0.74560546875 0.3069661458333333 0.0380859375 0.11263020833333333
5 0.661865234375 0.3701171875 0.04736328125 0.06966145833333333
7 0.711669921875 0.24869791666666666 0.04638671875 0.057291666666666664
8 0.71044921875 0.3564453125 0.05859375 0.18294270833333334
11 0.6259765625 0.3561197916666667 0.041015625 0.09244791666666667
10 0.74609375 0.322265625 0.0234375 0.17838541666666666
10 0.6650390625 0.3040364583333333 0.02734375 0.06640625
17 0.65869140625 0.3717447916666667 0.3603515625 0.3190104166666667
