9 0.59130859375 0.4235026041666667 0.0361328125 0.059244791666666664
4 0.640869140625 0.4938151041666667 0.06005859375 0.044921875
5 0.75244140625 0.4189453125 0.048828125 0.06966145833333333
7 0.696533203125 0.4775390625 0.07080078125 0.12825520833333334
8 0.6796875 0.3759765625 0.1337890625 0.054036458333333336
11 0.649658203125 0.41015625 0.05322265625 0.028645833333333332
11 0.72216796875 0.4615885416666667 0.0537109375 0.07421875
10 0.58837890625 0.3447265625 0.03125 0.115234375
10 0.613037109375 0.455078125 0.08349609375 0.09114583333333333
12 0.705810546875 0.3538411458333333 0.03759765625 0.15169270833333334
17 0.66455078125 0.4358723958333333 0.4189453125 0.3313802083333333
