9 0.626708984375 0.2923177083333333 0.03076171875 0.032552083333333336
4 0.742919921875 0.3297526041666667 0.05029296875 0.038411458333333336
4 0.677490234375 0.3147786458333333 0.03271484375 0.020182291666666668
6 0.664794921875 0.3385416666666667 0.06884765625 0.02734375
5 0.663818359375 0.380859375 0.05419921875 0.07291666666666667
7 0.639404296875 0.3447265625 0.06298828125 0.037109375
8 0.7783203125 0.3935546875 0.107421875 0.08658854166666667
11 0.5927734375 0.3759765625 0.0634765625 0.048828125
11 0.703369140625 0.3818359375 0.03759765625 0.11653645833333333
10 0.581787109375 0.3147786458333333 0.03955078125 0.08138020833333333
10 0.649169921875 0.3128255208333333 0.02197265625 0.06315104166666667
17 0.65771484375 0.4000651041666667 0.353515625 0.2701822916666667
