9 0.7568359375 0.4143880208333333 0.0126953125 0.08528645833333333
4 0.705322265625 0.3570963541666667 0.02783203125 0.029296875
6 0.53466796875 0.4482421875 0.06640625 0.035807291666666664
5 0.622314453125 0.4593098958333333 0.04736328125 0.099609375
5 0.70556640625 0.412109375 0.0244140625 0.07421875
7 0.64697265625 0.3811848958333333 0.033203125 0.09049479166666667
11 0.6611328125 0.4599609375 0.029296875 0.06315104166666667
11 0.616455078125 0.392578125 0.02685546875 0.055989583333333336
10 0.6748046875 0.3671875 0.0380859375 0.14713541666666666
10 0.53125 0.4231770833333333 0.0732421875 0.041666666666666664
12 0.582763671875 0.3766276041666667 0.03759765625 0.17122395833333334
12 0.73486328125 0.3922526041666667 0.044921875 0.20247395833333334
17 0.658447265625 0.4368489583333333 0.41455078125 0.3216145833333333
