4 0.645751953125 0.4339192708333333 0.06103515625 0.048828125
4 0.669189453125 0.3033854166666667 0.05419921875 0.036458333333333336
6 0.7099609375 0.3229166666666667 0.0546875 0.022135416666666668
5 0.70263671875 0.3681640625 0.0361328125 0.06575520833333333
5 0.607177734375 0.3473307291666667 0.01318359375 0.06705729166666667
7 0.65625 0.2542317708333333 0.0390625 0.064453125
8 0.731689453125 0.2985026041666667 0.07666015625 0.16861979166666666
11 0.612060546875 0.3486328125 0.03662109375 0.08658854166666667
11 0.6640625 0.3671875 0.029296875 0.09895833333333333
10 0.643798828125 0.3518880208333333 0.02685546875 0.09700520833333333
10 0.682861328125 0.2490234375 0.03271484375 0.072265625
17 0.65869140625 0.369140625 0.3583984375 0.3307291666666667
