9 0.60009765625 0.3115234375 0.0439453125 0.024088541666666668
4 0.70263671875 0.2923177083333333 0.052734375 0.046875
6 0.617919921875 0.322265625 0.07568359375 0.0234375
5 0.59814453125 0.3779296875 0.046875 0.059244791666666664
7 0.638916015625 0.3170572916666667 0.04150390625 0.12109375
11 0.66064453125 0.3981119791666667 0.0693359375 0.059244791666666664
11 0.7021484375 0.3548177083333333 0.03515625 0.09635416666666667
10 0.73486328125 0.3665364583333333 0.048828125 0.07291666666666667
10 0.667236328125 0.3346354166666667 0.02880859375 0.09244791666666667
17 0.659912109375 0.4000651041666667 0.35302734375 0.2975260416666667
