9 0.611572265625 0.392578125 0.05615234375 0.045572916666666664
4 0.549560546875 0.455078125 0.03662109375 0.03515625
6 0.74462890625 0.4544270833333333 0.1103515625 0.02734375
5 0.757568359375 0.3798828125 0.04052734375 0.048828125
7 0.590087890625 0.4641927083333333 0.09033203125 0.09375
8 0.675537109375 0.3645833333333333 0.11474609375 0.07291666666666667
11 0.644775390625 0.4755859375 0.07373046875 0.06705729166666667
11 0.66796875 0.4127604166666667 0.0654296875 0.0625
10 0.550048828125 0.421875 0.08740234375 0.041666666666666664
10 0.737060546875 0.466796875 0.09521484375 0.048177083333333336
12 0.72705078125 0.4251302083333333 0.134765625 0.052083333333333336
17 0.669677734375 0.4322916666666667 0.36767578125 0.23307291666666666
