9 0.716064453125 0.3518880208333333 0.04150390625 0.076171875
9 0.73779296875 0.37109375 0.046875 0.053385416666666664
9 0.68701171875 0.3570963541666667 0.0263671875 0.054036458333333336
6 0.70947265625 0.3180338541666667 0.0361328125 0.043619791666666664
5 0.64501953125 0.3662109375 0.0595703125 0.072265625
5 0.685791015625 0.3011067708333333 0.02978515625 0.025390625
7 0.771728515625 0.3766276041666667 0.03955078125 0.07096354166666667
8 0.757568359375 0.3004557291666667 0.10888671875 0.060546875
11 0.648193359375 0.3313802083333333 0.05029296875 0.0234375
10 0.847900390625 0.3763020833333333 0.04443359375 0.09244791666666667
12 0.80322265625 0.3665364583333333 0.052734375 0.0859375
12 0.70263671875 0.4088541666666667 0.1337890625 0.06640625
17 0.73876953125 0.404296875 0.4072265625 0.2786458333333333
