9 0.582275390625 0.5198567708333334 0.05712890625 0.054036458333333336
9 0.552734375 0.4449869791666667 0.048828125 0.07096354166666667
4 0.517333984375 0.4632161458333333 0.02685546875 0.046223958333333336
6 0.550537109375 0.4114583333333333 0.06884765625 0.06901041666666667
6 0.623291015625 0.5201822916666666 0.10888671875 0.06901041666666667
5 0.590087890625 0.5983072916666666 0.07177734375 0.13020833333333334
5 0.601806640625 0.4602864583333333 0.05126953125 0.07942708333333333
7 0.48876953125 0.6337890625 0.15234375 0.15559895833333334
8 0.6806640625 0.4759114583333333 0.1044921875 0.16536458333333334
11 0.649658203125 0.5826822916666666 0.05517578125 0.08072916666666667
11 0.52880859375 0.5374348958333334 0.052734375 0.134765625
10 0.440185546875 0.5110677083333334 0.07568359375 0.11197916666666667
10 0.582763671875 0.4150390625 0.03564453125 0.050130208333333336
12 0.48046875 0.4137369791666667 0.0419921875 0.220703125
17 0.504638671875 0.5891927083333334 0.52978515625 0.5859375
