4 0.6552734375 0.4794921875 0.03125 0.027994791666666668
4 0.6875 0.498046875 0.0234375 0.02734375
6 0.722412109375 0.5065104166666666 0.04833984375 0.033854166666666664
6 0.62939453125 0.5078125 0.0283203125 0.061197916666666664
5 0.581298828125 0.4752604166666667 0.02490234375 0.06901041666666667
5 0.65966796875 0.5192057291666666 0.0322265625 0.048828125
7 0.605224609375 0.4661458333333333 0.02978515625 0.12239583333333333
11 0.694091796875 0.4423828125 0.02294921875 0.080078125
11 0.6806640625 0.4488932291666667 0.0146484375 0.041015625
10 0.624755859375 0.4723307291666667 0.01904296875 0.041015625
10 0.665283203125 0.4446614583333333 0.03173828125 0.055989583333333336
10 0.713134765625 0.4814453125 0.02978515625 0.059244791666666664
12 0.642333984375 0.4091796875 0.02685546875 0.07096354166666667
17 0.640869140625 0.4866536458333333 0.29052734375 0.244140625
