9 0.707275390625 0.2952473958333333 0.03564453125 0.055338541666666664
9 0.762939453125 0.3050130208333333 0.03857421875 0.039713541666666664
4 0.60693359375 0.3151041666666667 0.05078125 0.0234375
6 0.64697265625 0.41796875 0.044921875 0.06380208333333333
6 0.647705078125 0.3424479166666667 0.05126953125 0.032552083333333336
5 0.7724609375 0.3483072916666667 0.064453125 0.036458333333333336
5 0.647705078125 0.3245442708333333 0.03564453125 0.048828125
5 0.57861328125 0.3284505208333333 0.0244140625 0.06966145833333333
7 0.6708984375 0.3733723958333333 0.091796875 0.057942708333333336
8 0.553955078125 0.3909505208333333 0.10302734375 0.06705729166666667
11 0.72119140625 0.333984375 0.0458984375 0.026041666666666668
11 0.73388671875 0.3587239583333333 0.0390625 0.041666666666666664
11 0.734130859375 0.3590494791666667 0.03662109375 0.039713541666666664
10 0.68212890625 0.3707682291666667 0.037109375 0.13216145833333334
10 0.6767578125 0.2991536458333333 0.0341796875 0.054036458333333336
10 0.604248046875 0.3463541666666667 0.03857421875 0.15885416666666666
10 0.77783203125 0.3919270833333333 0.1298828125 0.06901041666666667
17 0.662109375 0.3909505208333333 0.3671875 0.2845052083333333
