9 0.537109375 0.396484375 0.0439453125 0.037760416666666664
4 0.505859375 0.4739583333333333 0.0400390625 0.048177083333333336
5 0.68115234375 0.4606119791666667 0.052734375 0.068359375
7 0.559814453125 0.4749348958333333 0.09619140625 0.10481770833333333
8 0.68017578125 0.3919270833333333 0.064453125 0.06901041666666667
11 0.60009765625 0.4147135416666667 0.041015625 0.041666666666666664
11 0.603271484375 0.4762369791666667 0.06396484375 0.07096354166666667
10 0.525634765625 0.4361979166666667 0.10791015625 0.059895833333333336
10 0.53564453125 0.3326822916666667 0.037109375 0.11067708333333333
12 0.63232421875 0.3681640625 0.044921875 0.14778645833333334
17 0.626708984375 0.4235026041666667 0.37353515625 0.3170572916666667
