9 0.671875 0.2926432291666667 0.02734375 0.035807291666666664
4 0.72802734375 0.3404947916666667 0.0556640625 0.055989583333333336
4 0.679931640625 0.3173828125 0.03662109375 0.025390625
6 0.65478515625 0.3375651041666667 0.1015625 0.022786458333333332
5 0.6279296875 0.3115234375 0.017578125 0.038411458333333336
5 0.638671875 0.3824869791666667 0.0283203125 0.068359375
8 0.75 0.4036458333333333 0.1201171875 0.09505208333333333
11 0.666015625 0.3818359375 0.0361328125 0.11393229166666667
11 0.594970703125 0.3639322916666667 0.04638671875 0.048177083333333336
10 0.647216796875 0.3102213541666667 0.02587890625 0.06575520833333333
10 0.606201171875 0.2965494791666667 0.03369140625 0.08138020833333333
17 0.658203125 0.3912760416666667 0.3525390625 0.2838541666666667
