9 0.634521484375 0.3909505208333333 0.05029296875 0.026692708333333332
9 0.603271484375 0.3154296875 0.03662109375 0.054036458333333336
6 0.708740234375 0.3460286458333333 0.05419921875 0.030598958333333332
5 0.58544921875 0.3922526041666667 0.048828125 0.099609375
5 0.69775390625 0.30859375 0.0380859375 0.036458333333333336
5 0.621826171875 0.3564453125 0.03466796875 0.055338541666666664
7 0.772216796875 0.3860677083333333 0.13037109375 0.046875
7 0.70263671875 0.375 0.0341796875 0.052083333333333336
7 0.65625 0.3382161458333333 0.0634765625 0.10611979166666667
11 0.55126953125 0.384765625 0.0380859375 0.06901041666666667
10 0.752685546875 0.3668619791666667 0.04736328125 0.146484375
10 0.662109375 0.3037109375 0.0283203125 0.057942708333333336
12 0.73291015625 0.2692057291666667 0.04296875 0.123046875
12 0.65185546875 0.4235026041666667 0.1416015625 0.059244791666666664
17 0.666015625 0.3723958333333333 0.359375 0.3489583333333333
