9 0.55126953125 0.3990885416666667 0.0380859375 0.04296875
4 0.566162109375 0.4772135416666667 0.04638671875 0.041666666666666664
5 0.705810546875 0.4192708333333333 0.04931640625 0.07942708333333333
7 0.6220703125 0.4615885416666667 0.0546875 0.11458333333333333
8 0.65234375 0.3668619791666667 0.1240234375 0.043619791666666664
11 0.655517578125 0.45703125 0.03271484375 0.08723958333333333
11 0.617919921875 0.3971354166666667 0.04833984375 0.036458333333333336
10 0.55810546875 0.435546875 0.095703125 0.08333333333333333
10 0.5458984375 0.33203125 0.0263671875 0.10546875
12 0.6591796875 0.3450520833333333 0.0390625 0.1484375
17 0.635009765625 0.4208984375 0.40576171875 0.318359375
