9 0.58642578125 0.3831380208333333 0.0322265625 0.068359375
9 0.610595703125 0.3430989583333333 0.02587890625 0.053385416666666664
9 0.634521484375 0.3486328125 0.02001953125 0.025390625
6 0.597900390625 0.3138020833333333 0.07763671875 0.028645833333333332
5 0.574951171875 0.3401692708333333 0.03662109375 0.027994791666666668
7 0.664794921875 0.3782552083333333 0.10400390625 0.05859375
8 0.68701171875 0.3271484375 0.09765625 0.06705729166666667
10 0.6826171875 0.4287109375 0.111328125 0.07747395833333333
12 0.551513671875 0.3889973958333333 0.04833984375 0.087890625
12 0.68603515625 0.3961588541666667 0.1259765625 0.052734375
17 0.6455078125 0.4208984375 0.392578125 0.267578125
