4 0.674560546875 0.5309244791666666 0.03564453125 0.039713541666666664
4 0.6337890625 0.4993489583333333 0.0419921875 0.033854166666666664
6 0.711669921875 0.5501302083333334 0.06103515625 0.029947916666666668
6 0.614501953125 0.5374348958333334 0.01708984375 0.042317708333333336
5 0.635986328125 0.541015625 0.04443359375 0.053385416666666664
7 0.60009765625 0.4723307291666667 0.0322265625 0.12174479166666667
11 0.712158203125 0.4703776041666667 0.02587890625 0.07356770833333333
11 0.711669921875 0.4788411458333333 0.04345703125 0.033203125
10 0.67236328125 0.4794921875 0.03125 0.07486979166666667
10 0.6435546875 0.4710286458333333 0.0224609375 0.039713541666666664
10 0.712890625 0.5211588541666666 0.048828125 0.056640625
12 0.663818359375 0.4205729166666667 0.03271484375 0.07161458333333333
17 0.65185546875 0.4788411458333333 0.25 0.23502604166666666
