9 0.61865234375 0.3642578125 0.0419921875 0.043619791666666664
9 0.712158203125 0.3046875 0.03369140625 0.061197916666666664
9 0.6357421875 0.3004557291666667 0.021484375 0.052734375
4 0.6103515625 0.330078125 0.05078125 0.040364583333333336
4 0.594482421875 0.3665364583333333 0.02978515625 0.04296875
6 0.706298828125 0.4078776041666667 0.02587890625 0.08658854166666667
6 0.68359375 0.3391927083333333 0.0205078125 0.0390625
5 0.759765625 0.3268229166666667 0.0234375 0.061197916666666664
5 0.5634765625 0.3541666666666667 0.0380859375 0.07942708333333333
7 0.69384765625 0.3642578125 0.0458984375 0.072265625
8 0.594482421875 0.4143880208333333 0.13818359375 0.07096354166666667
10 0.731201171875 0.3629557291666667 0.03173828125 0.126953125
10 0.7802734375 0.3606770833333333 0.0703125 0.08333333333333333
10 0.657470703125 0.3391927083333333 0.03271484375 0.140625
10 0.670166015625 0.2939453125 0.02001953125 0.047526041666666664
17 0.658447265625 0.3935546875 0.35498046875 0.279296875
