9 0.421875 0.4954427083333333 0.0576171875 0.10677083333333333
4 0.595458984375 0.5048828125 0.04248046875 0.06315104166666667
6 0.400634765625 0.5875651041666666 0.14111328125 0.030598958333333332
6 0.416748046875 0.6168619791666666 0.14111328125 0.034505208333333336
5 0.517578125 0.5745442708333334 0.076171875 0.13736979166666666
5 0.3720703125 0.5081380208333334 0.048828125 0.11393229166666667
7 0.567626953125 0.5377604166666666 0.10595703125 0.14973958333333334
7 0.3505859375 0.4840494791666667 0.1357421875 0.12044270833333333
8 0.53515625 0.4368489583333333 0.1171875 0.08723958333333333
10 0.42578125 0.4684244791666667 0.134765625 0.08528645833333333
10 0.4423828125 0.5550130208333334 0.0771484375 0.048828125
12 0.455810546875 0.3570963541666667 0.04248046875 0.15950520833333334
17 0.44873046875 0.5611979166666666 0.5302734375 0.5846354166666666
