9 0.601806640625 0.4052734375 0.05126953125 0.038411458333333336
4 0.597900390625 0.4788411458333333 0.04443359375 0.047526041666666664
6 0.759521484375 0.4381510416666667 0.10205078125 0.048177083333333336
5 0.73291015625 0.3665364583333333 0.04296875 0.044270833333333336
7 0.642822265625 0.478515625 0.05810546875 0.11588541666666667
8 0.62890625 0.3655598958333333 0.1083984375 0.07356770833333333
11 0.686279296875 0.4742838541666667 0.03955078125 0.07486979166666667
11 0.668701171875 0.4124348958333333 0.05810546875 0.030598958333333332
10 0.770263671875 0.4466145833333333 0.09619140625 0.045572916666666664
10 0.58349609375 0.4524739583333333 0.1123046875 0.07421875
12 0.737060546875 0.40625 0.10009765625 0.07291666666666667
17 0.68896484375 0.4541015625 0.4169921875 0.2701822916666667
