4 0.56103515625 0.3326822916666667 0.0517578125 0.037760416666666664
6 0.61669921875 0.24934895833333334 0.0244140625 0.041666666666666664
6 0.58984375 0.3671875 0.0234375 0.037760416666666664
5 0.65380859375 0.3121744791666667 0.044921875 0.033203125
5 0.56103515625 0.3821614583333333 0.0517578125 0.059895833333333336
7 0.7392578125 0.3743489583333333 0.123046875 0.045572916666666664
7 0.666015625 0.3675130208333333 0.0400390625 0.10221354166666667
10 0.73779296875 0.4052734375 0.0771484375 0.07747395833333333
12 0.620361328125 0.3636067708333333 0.04638671875 0.193359375
17 0.6474609375 0.3880208333333333 0.4013671875 0.3294270833333333
