9 0.6240234375 0.3753255208333333 0.037109375 0.09049479166666667
4 0.640869140625 0.3092447916666667 0.04833984375 0.033854166666666664
4 0.69384765625 0.2805989583333333 0.0576171875 0.0390625
6 0.66455078125 0.3440755208333333 0.0283203125 0.048828125
5 0.668212890625 0.3935546875 0.04638671875 0.072265625
7 0.60302734375 0.3151041666666667 0.076171875 0.059895833333333336
11 0.71923828125 0.3798828125 0.0517578125 0.056640625
10 0.67919921875 0.3082682291666667 0.03515625 0.043619791666666664
10 0.5830078125 0.3880208333333333 0.05859375 0.06901041666666667
17 0.66064453125 0.3977864583333333 0.3564453125 0.2734375
