9 0.63427734375 0.2932942708333333 0.0322265625 0.044921875
9 0.7041015625 0.3004557291666667 0.0341796875 0.055338541666666664
9 0.619140625 0.3636067708333333 0.033203125 0.041015625
4 0.615234375 0.3346354166666667 0.0537109375 0.03125
6 0.712646484375 0.4072265625 0.03271484375 0.083984375
5 0.566162109375 0.3600260416666667 0.03857421875 0.08463541666666667
5 0.7421875 0.3248697916666667 0.048828125 0.040364583333333336
7 0.6962890625 0.3623046875 0.0517578125 0.07747395833333333
8 0.60888671875 0.4248046875 0.134765625 0.072265625
10 0.66064453125 0.349609375 0.0361328125 0.15755208333333334
10 0.739990234375 0.3603515625 0.03759765625 0.12434895833333333
10 0.775390625 0.3512369791666667 0.0458984375 0.06966145833333333
17 0.65966796875 0.3987630208333333 0.35546875 0.2779947916666667
