9 0.701171875 0.4007161458333333 0.044921875 0.10091145833333333
4 0.603515625 0.3193359375 0.046875 0.043619791666666664
4 0.663818359375 0.3430989583333333 0.05126953125 0.018229166666666668
6 0.67041015625 0.3131510416666667 0.0732421875 0.037760416666666664
6 0.6533203125 0.3994140625 0.0625 0.072265625
5 0.75439453125 0.3951822916666667 0.052734375 0.06901041666666667
7 0.6435546875 0.3678385416666667 0.0732421875 0.041666666666666664
8 0.580810546875 0.3525390625 0.09619140625 0.052734375
11 0.64501953125 0.2858072916666667 0.03515625 0.037760416666666664
10 0.68798828125 0.3167317708333333 0.0380859375 0.07486979166666667
10 0.7548828125 0.3212890625 0.0517578125 0.087890625
17 0.66064453125 0.4033203125 0.3564453125 0.2688802083333333
