4 0.609130859375 0.5299479166666666 0.03662109375 0.02734375
4 0.575927734375 0.4869791666666667 0.03564453125 0.03125
6 0.68359375 0.4710286458333333 0.0205078125 0.054036458333333336
6 0.619140625 0.5572916666666666 0.0576171875 0.033854166666666664
5 0.60888671875 0.4326171875 0.0263671875 0.026692708333333332
5 0.574951171875 0.52734375 0.03076171875 0.057291666666666664
7 0.576171875 0.4306640625 0.0341796875 0.07486979166666667
11 0.69091796875 0.5022786458333334 0.02734375 0.031901041666666664
11 0.669189453125 0.4986979166666667 0.02978515625 0.07291666666666667
10 0.623291015625 0.4830729166666667 0.02685546875 0.078125
10 0.644775390625 0.5364583333333334 0.07568359375 0.040364583333333336
12 0.642333984375 0.4485677083333333 0.03564453125 0.11067708333333333
17 0.619873046875 0.4931640625 0.28857421875 0.232421875
