9 0.667236328125 0.3430989583333333 0.03173828125 0.036458333333333336
9 0.732666015625 0.4479166666666667 0.04443359375 0.0859375
4 0.581787109375 0.3942057291666667 0.03076171875 0.044921875
4 0.60693359375 0.3421223958333333 0.013671875 0.034505208333333336
6 0.6015625 0.4866536458333333 0.029296875 0.08919270833333333
6 0.576416015625 0.4713541666666667 0.03173828125 0.06901041666666667
6 0.541015625 0.4749348958333333 0.017578125 0.068359375
5 0.6943359375 0.4378255208333333 0.037109375 0.091796875
8 0.741943359375 0.3694661458333333 0.08251953125 0.17122395833333334
10 0.635498046875 0.3167317708333333 0.02783203125 0.07877604166666667
10 0.660400390625 0.431640625 0.04150390625 0.13020833333333334
12 0.624755859375 0.4016927083333333 0.04345703125 0.18229166666666666
17 0.6552734375 0.404296875 0.3564453125 0.29296875
