9 0.714111328125 0.3580729166666667 0.02783203125 0.07421875
9 0.65380859375 0.3583984375 0.033203125 0.087890625
4 0.689453125 0.3512369791666667 0.0458984375 0.034505208333333336
6 0.623779296875 0.4153645833333333 0.02880859375 0.07682291666666667
6 0.654541015625 0.2770182291666667 0.02392578125 0.10221354166666667
5 0.547119140625 0.3798828125 0.04638671875 0.08138020833333333
5 0.691162109375 0.4033203125 0.05126953125 0.07096354166666667
7 0.609619140625 0.3645833333333333 0.06787109375 0.053385416666666664
7 0.611083984375 0.3277994791666667 0.05419921875 0.059244791666666664
11 0.584716796875 0.4029947916666667 0.04736328125 0.06510416666666667
10 0.676025390625 0.3177083333333333 0.08349609375 0.026041666666666668
12 0.7470703125 0.2998046875 0.0390625 0.16341145833333334
17 0.644287109375 0.380859375 0.39208984375 0.3372395833333333
