9 0.756103515625 0.3466796875 0.02197265625 0.08658854166666667
4 0.57470703125 0.3619791666666667 0.0458984375 0.03515625
4 0.634033203125 0.283203125 0.03857421875 0.046875
6 0.659423828125 0.3369140625 0.03955078125 0.044921875
6 0.763427734375 0.3268229166666667 0.02587890625 0.08723958333333333
5 0.6572265625 0.3714192708333333 0.0458984375 0.07747395833333333
7 0.711181640625 0.2591145833333333 0.05126953125 0.052083333333333336
8 0.701171875 0.349609375 0.052734375 0.20442708333333334
11 0.626708984375 0.3502604166666667 0.02587890625 0.0859375
10 0.73583984375 0.3297526041666667 0.0302734375 0.15690104166666666
10 0.665771484375 0.2994791666666667 0.02294921875 0.05078125
17 0.656494140625 0.3795572916666667 0.34912109375 0.3072916666666667
