4 0.726806640625 0.4593098958333333 0.03955078125 0.026692708333333332
4 0.75341796875 0.5074869791666666 0.04296875 0.035807291666666664
6 0.763671875 0.5436197916666666 0.0712890625 0.0390625
6 0.84912109375 0.4567057291666667 0.025390625 0.064453125
5 0.719970703125 0.4954427083333333 0.02880859375 0.059895833333333336
5 0.765625 0.4088541666666667 0.0224609375 0.03515625
7 0.728271484375 0.4078776041666667 0.03662109375 0.08658854166666667
11 0.82421875 0.4860026041666667 0.02734375 0.076171875
11 0.853515625 0.4973958333333333 0.03515625 0.037760416666666664
10 0.77880859375 0.4654947916666667 0.03125 0.07942708333333333
10 0.794189453125 0.5237630208333334 0.07275390625 0.031901041666666664
12 0.803955078125 0.431640625 0.02978515625 0.13020833333333334
17 0.77880859375 0.4794921875 0.33203125 0.240234375
