9 0.51220703125 0.4801432291666667 0.04296875 0.076171875
4 0.4267578125 0.4215494791666667 0.0185546875 0.059244791666666664
6 0.591064453125 0.5107421875 0.05029296875 0.054036458333333336
6 0.590576171875 0.5481770833333334 0.04638671875 0.048177083333333336
5 0.540771484375 0.5266927083333334 0.05419921875 0.09895833333333333
5 0.510986328125 0.4235026041666667 0.05029296875 0.060546875
7 0.50048828125 0.6136067708333334 0.1865234375 0.099609375
7 0.4638671875 0.423828125 0.0615234375 0.078125
8 0.38330078125 0.4869791666666667 0.1328125 0.078125
10 0.487548828125 0.5390625 0.08740234375 0.11067708333333333
10 0.481201171875 0.4895833333333333 0.03662109375 0.061197916666666664
12 0.402099609375 0.4661458333333333 0.06005859375 0.23828125
17 0.448974609375 0.5979817708333334 0.52197265625 0.513671875
