9 0.66357421875 0.3870442708333333 0.03515625 0.07096354166666667
9 0.575439453125 0.326171875 0.02978515625 0.078125
9 0.627197265625 0.3050130208333333 0.03466796875 0.061848958333333336
4 0.6611328125 0.345703125 0.048828125 0.026041666666666668
4 0.5810546875 0.3929036458333333 0.02734375 0.056640625
6 0.63525390625 0.3857421875 0.0302734375 0.06315104166666667
5 0.607666015625 0.3955078125 0.03466796875 0.09440104166666667
5 0.6806640625 0.3076171875 0.0419921875 0.037109375
7 0.697509765625 0.3600260416666667 0.02978515625 0.048177083333333336
8 0.736328125 0.419921875 0.134765625 0.09895833333333333
11 0.55322265625 0.3951822916666667 0.0390625 0.06510416666666667
10 0.64990234375 0.3053385416666667 0.03125 0.0546875
10 0.763427734375 0.3203125 0.03076171875 0.10286458333333333
10 0.7353515625 0.3287760416666667 0.0478515625 0.13020833333333334
17 0.6611328125 0.3935546875 0.3466796875 0.2858072916666667
