9 0.742919921875 0.3662109375 0.04345703125 0.054036458333333336
9 0.640869140625 0.4065755208333333 0.04150390625 0.10091145833333333
4 0.739990234375 0.4059244791666667 0.03564453125 0.035807291666666664
6 0.66796875 0.4290364583333333 0.0224609375 0.052083333333333336
5 0.782958984375 0.37109375 0.04052734375 0.08854166666666667
5 0.579345703125 0.3759765625 0.04248046875 0.076171875
5 0.694091796875 0.3899739583333333 0.05419921875 0.07161458333333333
7 0.720703125 0.3238932291666667 0.103515625 0.052734375
11 0.739990234375 0.4410807291666667 0.09814453125 0.048828125
11 0.611328125 0.4153645833333333 0.021484375 0.061197916666666664
10 0.668212890625 0.3352864583333333 0.01904296875 0.11197916666666667
10 0.707275390625 0.2659505208333333 0.03466796875 0.06705729166666667
12 0.64306640625 0.2805989583333333 0.0390625 0.13932291666666666
17 0.66552734375 0.373046875 0.3583984375 0.3411458333333333
