9 0.61767578125 0.4251302083333333 0.0595703125 0.045572916666666664
4 0.670654296875 0.4938151041666667 0.05419921875 0.055338541666666664
6 0.764892578125 0.4069010416666667 0.05517578125 0.052083333333333336
5 0.69140625 0.3623046875 0.0556640625 0.052734375
7 0.71923828125 0.4733072916666667 0.0732421875 0.10807291666666667
8 0.60009765625 0.384765625 0.09765625 0.08333333333333333
11 0.744140625 0.4508463541666667 0.048828125 0.06315104166666667
11 0.666015625 0.41015625 0.060546875 0.04296875
10 0.629150390625 0.4713541666666667 0.09326171875 0.09114583333333333
10 0.78076171875 0.416015625 0.0654296875 0.052083333333333336
12 0.730224609375 0.3824869791666667 0.05419921875 0.068359375
17 0.680908203125 0.4622395833333333 0.41650390625 0.2669270833333333
