9 0.75927734375 0.3131510416666667 0.0390625 0.053385416666666664
9 0.78125 0.345703125 0.0439453125 0.08072916666666667
4 0.62646484375 0.3059895833333333 0.0390625 0.02734375
6 0.577880859375 0.4049479166666667 0.05615234375 0.046875
6 0.659912109375 0.3414713541666667 0.02685546875 0.021484375
5 0.6337890625 0.2877604166666667 0.03125 0.016927083333333332
5 0.75732421875 0.3824869791666667 0.0595703125 0.050130208333333336
5 0.7041015625 0.330078125 0.017578125 0.061197916666666664
7 0.63720703125 0.369140625 0.0771484375 0.048177083333333336
8 0.53369140625 0.3548177083333333 0.0712890625 0.07682291666666667
11 0.7216796875 0.3291015625 0.0263671875 0.034505208333333336
11 0.737548828125 0.3583984375 0.05029296875 0.038411458333333336
11 0.69384765625 0.3720703125 0.033203125 0.035807291666666664
10 0.68408203125 0.3072916666666667 0.0302734375 0.059895833333333336
10 0.62646484375 0.3723958333333333 0.0478515625 0.13541666666666666
10 0.585693359375 0.3199869791666667 0.03955078125 0.146484375
10 0.719970703125 0.4189453125 0.14501953125 0.07877604166666667
17 0.65673828125 0.3844401041666667 0.3564453125 0.2936197916666667
