9 0.630615234375 0.4371744791666667 0.06591796875 0.064453125
4 0.73681640625 0.4856770833333333 0.052734375 0.0546875
6 0.754150390625 0.3899739583333333 0.03076171875 0.046875
5 0.6611328125 0.3629557291666667 0.0595703125 0.057942708333333336
7 0.77392578125 0.451171875 0.1142578125 0.08723958333333333
8 0.584228515625 0.4010416666666667 0.07470703125 0.08984375
11 0.67822265625 0.4127604166666667 0.0478515625 0.048177083333333336
11 0.78271484375 0.4280598958333333 0.05859375 0.035807291666666664
10 0.776611328125 0.3880208333333333 0.03271484375 0.046875
10 0.68701171875 0.474609375 0.0439453125 0.1015625
12 0.7109375 0.3802083333333333 0.0341796875 0.09505208333333333
17 0.701416015625 0.4459635416666667 0.37060546875 0.23177083333333334
