9 0.531005859375 0.3818359375 0.03759765625 0.034505208333333336
4 0.492431640625 0.4544270833333333 0.03955078125 0.037760416666666664
5 0.657470703125 0.44921875 0.06103515625 0.08333333333333333
7 0.54150390625 0.4524739583333333 0.09375 0.09635416666666667
8 0.66943359375 0.3863932291666667 0.0654296875 0.064453125
11 0.575927734375 0.46875 0.06787109375 0.06770833333333333
11 0.587158203125 0.404296875 0.02880859375 0.046875
10 0.516357421875 0.4169921875 0.10302734375 0.046223958333333336
10 0.529541015625 0.3131510416666667 0.03759765625 0.10026041666666667
12 0.61962890625 0.3603515625 0.0390625 0.146484375
17 0.60693359375 0.4026692708333333 0.34765625 0.2936197916666667
