9 0.6064453125 0.3720703125 0.0341796875 0.09700520833333333
4 0.707275390625 0.2731119791666667 0.05419921875 0.034505208333333336
4 0.76953125 0.3681640625 0.048828125 0.046223958333333336
6 0.609130859375 0.3688151041666667 0.03076171875 0.146484375
5 0.6455078125 0.3974609375 0.05078125 0.080078125
7 0.639404296875 0.2705078125 0.03857421875 0.051432291666666664
8 0.6015625 0.271484375 0.05078125 0.0859375
11 0.70458984375 0.3411458333333333 0.021484375 0.09375
11 0.6787109375 0.3763020833333333 0.029296875 0.09244791666666667
10 0.60009765625 0.28515625 0.0380859375 0.07291666666666667
10 0.68603515625 0.3212890625 0.03125 0.064453125
17 0.65869140625 0.3802083333333333 0.3525390625 0.3125
