9 0.598876953125 0.3704427083333333 0.03564453125 0.022135416666666668
6 0.73779296875 0.3697916666666667 0.0361328125 0.028645833333333332
5 0.571044921875 0.3522135416666667 0.03955078125 0.061197916666666664
5 0.757568359375 0.3343098958333333 0.01318359375 0.068359375
7 0.637451171875 0.3264973958333333 0.05517578125 0.10872395833333333
7 0.6591796875 0.3932291666666667 0.0283203125 0.07421875
7 0.769775390625 0.4143880208333333 0.10595703125 0.083984375
10 0.667236328125 0.3111979166666667 0.02587890625 0.06640625
10 0.69775390625 0.3850911458333333 0.0439453125 0.15559895833333334
12 0.737060546875 0.2978515625 0.04931640625 0.14908854166666666
12 0.60009765625 0.4140625 0.125 0.08463541666666667
17 0.66845703125 0.3815104166666667 0.359375 0.3346354166666667
