9 0.418701171875 0.4931640625 0.04638671875 0.11263020833333333
4 0.38232421875 0.5807291666666666 0.072265625 0.07421875
6 0.39794921875 0.4329427083333333 0.091796875 0.032552083333333336
5 0.361083984375 0.48828125 0.04736328125 0.09635416666666667
5 0.508056640625 0.4235026041666667 0.04833984375 0.08138020833333333
7 0.578369140625 0.4768880208333333 0.06005859375 0.13346354166666666
8 0.311279296875 0.4596354166666667 0.08154296875 0.0859375
10 0.50927734375 0.544921875 0.08984375 0.15364583333333334
10 0.287353515625 0.552734375 0.15283203125 0.1015625
12 0.463134765625 0.45703125 0.05224609375 0.23958333333333334
17 0.449462890625 0.5944010416666666 0.52392578125 0.5208333333333334
