9 0.715087890625 0.4055989583333333 0.04345703125 0.10286458333333333
9 0.743896484375 0.3538411458333333 0.03466796875 0.042317708333333336
4 0.765380859375 0.3876953125 0.04052734375 0.039713541666666664
6 0.651611328125 0.3326822916666667 0.04345703125 0.02734375
6 0.74169921875 0.4339192708333333 0.017578125 0.030598958333333332
5 0.611083984375 0.3974609375 0.05126953125 0.08268229166666667
5 0.78515625 0.345703125 0.0390625 0.07161458333333333
7 0.584716796875 0.3450520833333333 0.05517578125 0.05078125
7 0.653076171875 0.3736979166666667 0.05224609375 0.06770833333333333
7 0.7177734375 0.3115234375 0.0556640625 0.06705729166666667
11 0.664306640625 0.4156901041666667 0.05029296875 0.057942708333333336
11 0.794921875 0.4124348958333333 0.0615234375 0.06705729166666667
10 0.653076171875 0.2783203125 0.03466796875 0.08138020833333333
10 0.679443359375 0.3369140625 0.02587890625 0.08528645833333333
12 0.619873046875 0.2877604166666667 0.03662109375 0.12760416666666666
17 0.667724609375 0.3811848958333333 0.36376953125 0.322265625
