9 0.66455078125 0.369140625 0.033203125 0.078125
4 0.573486328125 0.3828125 0.02294921875 0.024739583333333332
6 0.570556640625 0.4934895833333333 0.02685546875 0.07421875
5 0.671875 0.4485677083333333 0.0458984375 0.10677083333333333
5 0.64013671875 0.38671875 0.015625 0.06510416666666667
7 0.5400390625 0.3896484375 0.0771484375 0.048828125
11 0.550048828125 0.4326171875 0.06298828125 0.044921875
11 0.6396484375 0.4541015625 0.029296875 0.06315104166666667
10 0.6240234375 0.3557942708333333 0.03125 0.14388020833333334
10 0.550537109375 0.4814453125 0.03955078125 0.08138020833333333
12 0.696533203125 0.3564453125 0.04541015625 0.16080729166666666
12 0.604248046875 0.4020182291666667 0.04052734375 0.189453125
17 0.625244140625 0.408203125 0.35986328125 0.2825520833333333
