9 0.56201171875 0.31640625 0.03515625 0.059895833333333336
9 0.6044921875 0.3889973958333333 0.048828125 0.037109375
6 0.678955078125 0.3440755208333333 0.06005859375 0.026692708333333332
5 0.55810546875 0.3984375 0.0439453125 0.09635416666666667
5 0.653076171875 0.306640625 0.02978515625 0.046875
7 0.611572265625 0.3362630208333333 0.08544921875 0.10481770833333333
7 0.735107421875 0.3753255208333333 0.12939453125 0.050130208333333336
11 0.52001953125 0.3916015625 0.041015625 0.064453125
10 0.7197265625 0.3577473958333333 0.04296875 0.15169270833333334
10 0.62744140625 0.3033854166666667 0.0322265625 0.0546875
12 0.695556640625 0.2705078125 0.03955078125 0.115234375
12 0.632080078125 0.4225260416666667 0.14013671875 0.08333333333333333
17 0.64501953125 0.3756510416666667 0.3935546875 0.3515625
