9 0.699951171875 0.4290364583333333 0.03955078125 0.09635416666666667
4 0.734375 0.37890625 0.0458984375 0.046875
4 0.76708984375 0.4222005208333333 0.033203125 0.039713541666666664
5 0.5830078125 0.3990885416666667 0.0390625 0.08984375
5 0.73779296875 0.4352213541666667 0.0400390625 0.06575520833333333
7 0.76904296875 0.3772786458333333 0.05859375 0.064453125
11 0.61865234375 0.421875 0.0341796875 0.055989583333333336
10 0.68408203125 0.3655598958333333 0.0380859375 0.16080729166666666
12 0.613525390625 0.326171875 0.03759765625 0.13541666666666666
12 0.6552734375 0.39453125 0.044921875 0.19401041666666666
17 0.64501953125 0.4111328125 0.3955078125 0.294921875
