9 0.777099609375 0.341796875 0.03955078125 0.10286458333333333
4 0.6279296875 0.3512369791666667 0.037109375 0.059244791666666664
4 0.68994140625 0.3323567708333333 0.0380859375 0.039713541666666664
6 0.736083984375 0.3597005208333333 0.05126953125 0.099609375
6 0.6318359375 0.3121744791666667 0.0234375 0.031901041666666664
7 0.692626953125 0.3717447916666667 0.07080078125 0.07161458333333333
8 0.615478515625 0.40625 0.13427734375 0.08984375
11 0.5859375 0.3304036458333333 0.0341796875 0.064453125
10 0.66796875 0.3076171875 0.0322265625 0.059244791666666664
10 0.71826171875 0.28125 0.03515625 0.07552083333333333
17 0.658447265625 0.3841145833333333 0.35009765625 0.2981770833333333
