9 0.65234375 0.4192708333333333 0.0400390625 0.1015625
4 0.7548828125 0.4420572916666667 0.0400390625 0.046875
4 0.7080078125 0.3889973958333333 0.044921875 0.038411458333333336
6 0.7255859375 0.3720703125 0.03125 0.046223958333333336
5 0.6953125 0.4388020833333333 0.048828125 0.07161458333333333
8 0.57373046875 0.3548177083333333 0.068359375 0.12760416666666666
11 0.65087890625 0.3610026041666667 0.0361328125 0.037109375
10 0.69091796875 0.3346354166666667 0.03515625 0.10677083333333333
10 0.6376953125 0.3059895833333333 0.0234375 0.06380208333333333
12 0.61279296875 0.3658854166666667 0.03125 0.1640625
12 0.66943359375 0.2955729166666667 0.029296875 0.11197916666666667
17 0.703369140625 0.3782552083333333 0.36865234375 0.2916666666666667
