9 0.521484375 0.4606119791666667 0.046875 0.10481770833333333
9 0.544921875 0.5084635416666666 0.083984375 0.06770833333333333
4 0.49755859375 0.4475911458333333 0.0146484375 0.057942708333333336
6 0.52197265625 0.4069010416666667 0.0205078125 0.07421875
5 0.56689453125 0.431640625 0.046875 0.05859375
5 0.649658203125 0.5530598958333334 0.06689453125 0.115234375
7 0.565185546875 0.6184895833333334 0.18701171875 0.1171875
8 0.614013671875 0.4280598958333333 0.12744140625 0.09830729166666667
11 0.561279296875 0.5221354166666666 0.06103515625 0.11588541666666667
11 0.60693359375 0.5250651041666666 0.0302734375 0.059244791666666664
10 0.44677734375 0.5393880208333334 0.1298828125 0.087890625
12 0.469970703125 0.4186197916666667 0.04638671875 0.20572916666666666
17 0.495849609375 0.5924479166666666 0.52587890625 0.5677083333333334
