9 0.740966796875 0.3831380208333333 0.02978515625 0.08138020833333333
4 0.710693359375 0.34765625 0.03466796875 0.03125
6 0.6015625 0.490234375 0.05078125 0.078125
5 0.7119140625 0.392578125 0.0283203125 0.052083333333333336
5 0.720947265625 0.4677734375 0.04833984375 0.10481770833333333
7 0.60107421875 0.3792317708333333 0.0556640625 0.060546875
11 0.607666015625 0.4251302083333333 0.04248046875 0.059895833333333336
11 0.67724609375 0.4664713541666667 0.041015625 0.057942708333333336
10 0.684326171875 0.3671875 0.02978515625 0.14583333333333334
10 0.583251953125 0.470703125 0.05615234375 0.0703125
12 0.779296875 0.3743489583333333 0.0458984375 0.19661458333333334
12 0.646484375 0.4046223958333333 0.04296875 0.19466145833333334
17 0.66162109375 0.4375 0.39453125 0.3346354166666667
