9 0.67333984375 0.3421223958333333 0.0322265625 0.07096354166666667
9 0.692626953125 0.3349609375 0.01318359375 0.06315104166666667
9 0.650390625 0.3785807291666667 0.046875 0.048828125
4 0.686767578125 0.4016927083333333 0.05126953125 0.03515625
6 0.677490234375 0.2985026041666667 0.07373046875 0.034505208333333336
6 0.695068359375 0.4332682291666667 0.03466796875 0.043619791666666664
5 0.5947265625 0.4049479166666667 0.0537109375 0.08854166666666667
5 0.727783203125 0.3818359375 0.06005859375 0.060546875
8 0.611083984375 0.3287760416666667 0.11083984375 0.09375
11 0.649658203125 0.4342447916666667 0.06591796875 0.059895833333333336
10 0.558349609375 0.3349609375 0.02978515625 0.042317708333333336
12 0.72998046875 0.3466796875 0.0693359375 0.054036458333333336
12 0.565673828125 0.361328125 0.04150390625 0.05078125
17 0.6455078125 0.4137369791666667 0.388671875 0.275390625
