9 0.76025390625 0.3675130208333333 0.04296875 0.08138020833333333
4 0.662841796875 0.3753255208333333 0.01904296875 0.025390625
6 0.652587890625 0.4918619791666667 0.03955078125 0.07747395833333333
5 0.76220703125 0.4524739583333333 0.0478515625 0.10026041666666667
5 0.732421875 0.3795572916666667 0.0234375 0.08854166666666667
7 0.629150390625 0.380859375 0.09130859375 0.07291666666666667
11 0.63671875 0.4261067708333333 0.0625 0.054036458333333336
11 0.722900390625 0.45703125 0.03466796875 0.06510416666666667
10 0.63427734375 0.4684244791666667 0.0458984375 0.06705729166666667
10 0.7119140625 0.3548177083333333 0.025390625 0.14973958333333334
12 0.689697265625 0.3938802083333333 0.03759765625 0.18489583333333334
12 0.79931640625 0.3518880208333333 0.0458984375 0.18424479166666666
17 0.71044921875 0.4098307291666667 0.3837890625 0.3248697916666667
