9 0.576416015625 0.3141276041666667 0.03369140625 0.047526041666666664
4 0.72216796875 0.3108723958333333 0.033203125 0.025390625
4 0.64208984375 0.3313802083333333 0.021484375 0.048177083333333336
6 0.692138671875 0.3346354166666667 0.04052734375 0.048177083333333336
5 0.69921875 0.3766276041666667 0.046875 0.07356770833333333
7 0.633056640625 0.36328125 0.06787109375 0.041666666666666664
8 0.760986328125 0.3518880208333333 0.08544921875 0.068359375
11 0.61767578125 0.3997395833333333 0.0537109375 0.055989583333333336
11 0.747802734375 0.3564453125 0.04638671875 0.107421875
10 0.66259765625 0.345703125 0.029296875 0.11328125
10 0.580322265625 0.3518880208333333 0.02587890625 0.115234375
17 0.65771484375 0.4088541666666667 0.3544921875 0.2552083333333333
