9 0.7744140625 0.3365885416666667 0.0390625 0.09505208333333333
4 0.640869140625 0.3518880208333333 0.03857421875 0.051432291666666664
4 0.688232421875 0.3333333333333333 0.04345703125 0.041666666666666664
6 0.7392578125 0.3557942708333333 0.05078125 0.09700520833333333
6 0.635009765625 0.3128255208333333 0.02880859375 0.034505208333333336
5 0.614013671875 0.3349609375 0.02197265625 0.034505208333333336
5 0.739501953125 0.30859375 0.03369140625 0.03515625
7 0.68896484375 0.3743489583333333 0.052734375 0.06640625
8 0.617919921875 0.3990885416666667 0.13818359375 0.09114583333333333
11 0.584228515625 0.3388671875 0.03662109375 0.07747395833333333
10 0.708251953125 0.2880859375 0.03369140625 0.059244791666666664
10 0.66357421875 0.3014322916666667 0.03515625 0.06770833333333333
17 0.66259765625 0.3909505208333333 0.3466796875 0.2845052083333333
