9 0.511474609375 0.5263671875 0.05517578125 0.08919270833333333
9 0.56103515625 0.5074869791666666 0.048828125 0.09830729166666667
9 0.60595703125 0.4993489583333333 0.0380859375 0.0859375
4 0.504150390625 0.5944010416666666 0.07861328125 0.07291666666666667
6 0.578125 0.4453125 0.1181640625 0.033854166666666664
6 0.484130859375 0.6227213541666666 0.04150390625 0.12434895833333333
5 0.390625 0.5520833333333334 0.0693359375 0.11458333333333333
5 0.586669921875 0.5849609375 0.08447265625 0.11393229166666667
8 0.471923828125 0.4521484375 0.13134765625 0.146484375
11 0.423095703125 0.6285807291666666 0.06591796875 0.11263020833333333
12 0.658203125 0.54296875 0.0458984375 0.15755208333333334
17 0.496337890625 0.6263020833333334 0.54052734375 0.5013020833333334
