9 0.657958984375 0.3440755208333333 0.03662109375 0.07096354166666667
4 0.714111328125 0.3108723958333333 0.04931640625 0.030598958333333332
6 0.729736328125 0.4007161458333333 0.03955078125 0.043619791666666664
6 0.65869140625 0.2701822916666667 0.0244140625 0.08854166666666667
5 0.632080078125 0.40625 0.05615234375 0.08723958333333333
5 0.718017578125 0.3580729166666667 0.04833984375 0.059895833333333336
7 0.54736328125 0.3707682291666667 0.111328125 0.056640625
7 0.61376953125 0.3512369791666667 0.0322265625 0.059244791666666664
11 0.68603515625 0.4072265625 0.052734375 0.056640625
10 0.55615234375 0.3382161458333333 0.0615234375 0.048828125
12 0.649658203125 0.2571614583333333 0.04541015625 0.12109375
17 0.646240234375 0.3684895833333333 0.39111328125 0.3684895833333333
