9 0.539306640625 0.5240885416666666 0.05126953125 0.11979166666666667
9 0.598388671875 0.5302734375 0.05322265625 0.08528645833333333
9 0.48291015625 0.5166015625 0.0712890625 0.057942708333333336
4 0.4169921875 0.5680338541666666 0.0380859375 0.08138020833333333
6 0.550537109375 0.466796875 0.07763671875 0.06380208333333333
6 0.3818359375 0.5924479166666666 0.056640625 0.06510416666666667
5 0.398193359375 0.4723307291666667 0.07568359375 0.087890625
5 0.471923828125 0.5950520833333334 0.08544921875 0.12109375
8 0.501953125 0.4322916666666667 0.1640625 0.11328125
11 0.36474609375 0.5445963541666666 0.0830078125 0.087890625
10 0.634033203125 0.4580078125 0.10009765625 0.091796875
12 0.607666015625 0.6080729166666666 0.17236328125 0.12890625
12 0.608154296875 0.478515625 0.07275390625 0.05859375
17 0.5009765625 0.625 0.53125 0.5169270833333334
