9 0.741455078125 0.4153645833333333 0.03564453125 0.08984375
4 0.750244140625 0.361328125 0.05029296875 0.036458333333333336
6 0.560302734375 0.3935546875 0.04248046875 0.029296875
5 0.595458984375 0.4205729166666667 0.03466796875 0.08333333333333333
5 0.765869140625 0.4134114583333333 0.01611328125 0.07291666666666667
11 0.64013671875 0.4365234375 0.0478515625 0.06315104166666667
11 0.650390625 0.3870442708333333 0.041015625 0.044921875
10 0.684326171875 0.3597005208333333 0.02978515625 0.15169270833333334
10 0.588134765625 0.3746744791666667 0.07568359375 0.034505208333333336
12 0.6025390625 0.328125 0.0380859375 0.11588541666666667
12 0.702392578125 0.39453125 0.03955078125 0.18619791666666666
17 0.65234375 0.392578125 0.3515625 0.2838541666666667
