9 0.656494140625 0.4020182291666667 0.03857421875 0.044921875
9 0.5361328125 0.3470052083333333 0.0419921875 0.08854166666666667
4 0.58203125 0.4147135416666667 0.03125 0.037760416666666664
6 0.70166015625 0.3326822916666667 0.0322265625 0.02734375
5 0.61474609375 0.40625 0.048828125 0.09375
5 0.583251953125 0.3792317708333333 0.03662109375 0.06575520833333333
7 0.640380859375 0.3385416666666667 0.11572265625 0.0703125
7 0.736572265625 0.3473307291666667 0.08544921875 0.048828125
11 0.540771484375 0.4222005208333333 0.05712890625 0.068359375
10 0.6240234375 0.2975260416666667 0.03125 0.028645833333333332
10 0.74169921875 0.33203125 0.0419921875 0.140625
12 0.688720703125 0.4127604166666667 0.09619140625 0.08203125
12 0.673583984375 0.2639973958333333 0.03564453125 0.11393229166666667
17 0.644775390625 0.376953125 0.39013671875 0.3489583333333333
