9 0.7197265625 0.3610026041666667 0.0380859375 0.060546875
4 0.6259765625 0.3050130208333333 0.0380859375 0.029296875
6 0.592529296875 0.4215494791666667 0.04443359375 0.06315104166666667
5 0.619873046875 0.3330078125 0.04443359375 0.042317708333333336
5 0.6875 0.3834635416666667 0.0234375 0.09244791666666667
7 0.68408203125 0.35546875 0.048828125 0.08723958333333333
8 0.541015625 0.3538411458333333 0.107421875 0.09440104166666667
10 0.621337890625 0.3746744791666667 0.03955078125 0.06966145833333333
10 0.661865234375 0.3815104166666667 0.03955078125 0.125
12 0.59326171875 0.3854166666666667 0.048828125 0.06770833333333333
17 0.648681640625 0.3863932291666667 0.31591796875 0.19205729166666666
