4 0.562744140625 0.3831380208333333 0.05615234375 0.035807291666666664
4 0.635498046875 0.29296875 0.04638671875 0.033854166666666664
6 0.675048828125 0.3268229166666667 0.01904296875 0.0546875
5 0.6748046875 0.3723958333333333 0.05078125 0.07421875
7 0.69873046875 0.2825520833333333 0.0390625 0.10677083333333333
8 0.730224609375 0.3352864583333333 0.07275390625 0.19010416666666666
11 0.6328125 0.3479817708333333 0.0380859375 0.08658854166666667
10 0.748291015625 0.24446614583333334 0.02978515625 0.051432291666666664
10 0.657958984375 0.3030598958333333 0.02294921875 0.050130208333333336
17 0.66259765625 0.3649088541666667 0.3603515625 0.3326822916666667
