4 0.6298828125 0.5208333333333334 0.021484375 0.01953125
4 0.67431640625 0.4876302083333333 0.0205078125 0.028645833333333332
6 0.548583984375 0.5826822916666666 0.05712890625 0.08203125
5 0.614501953125 0.5914713541666666 0.04248046875 0.07096354166666667
5 0.677490234375 0.5322265625 0.02099609375 0.06705729166666667
7 0.657958984375 0.521484375 0.03662109375 0.12109375
11 0.62646484375 0.564453125 0.037109375 0.07421875
11 0.552001953125 0.5377604166666666 0.03955078125 0.037760416666666664
11 0.562744140625 0.4951171875 0.01513671875 0.068359375
10 0.60498046875 0.4993489583333333 0.0205078125 0.0703125
12 0.57568359375 0.4986979166666667 0.03515625 0.10807291666666667
17 0.622314453125 0.5729166666666666 0.34033203125 0.2890625
