9 0.541748046875 0.4078776041666667 0.03759765625 0.043619791666666664
4 0.541748046875 0.4876302083333333 0.04345703125 0.046875
5 0.701904296875 0.4488932291666667 0.04931640625 0.08528645833333333
7 0.593505859375 0.48046875 0.06201171875 0.12630208333333334
8 0.66259765625 0.3873697916666667 0.1201171875 0.049479166666666664
11 0.6318359375 0.4775390625 0.044921875 0.07486979166666667
10 0.5390625 0.33984375 0.033203125 0.10677083333333333
10 0.538818359375 0.4495442708333333 0.10302734375 0.07877604166666667
12 0.6513671875 0.3675130208333333 0.044921875 0.15690104166666666
17 0.63623046875 0.4352213541666667 0.4111328125 0.3326822916666667
