9 0.653076171875 0.3645833333333333 0.03173828125 0.07682291666666667
9 0.69921875 0.3694661458333333 0.041015625 0.06705729166666667
9 0.616455078125 0.3704427083333333 0.03759765625 0.032552083333333336
4 0.56787109375 0.3997395833333333 0.03515625 0.041666666666666664
6 0.658935546875 0.3180338541666667 0.06396484375 0.035807291666666664
6 0.548095703125 0.4176432291666667 0.04443359375 0.039713541666666664
5 0.6044921875 0.40625 0.056640625 0.07942708333333333
5 0.557373046875 0.34375 0.04541015625 0.049479166666666664
8 0.630615234375 0.3115234375 0.11865234375 0.07747395833333333
11 0.5234375 0.3883463541666667 0.0390625 0.043619791666666664
10 0.734619140625 0.3375651041666667 0.07080078125 0.042317708333333336
12 0.69921875 0.4143880208333333 0.1279296875 0.07747395833333333
17 0.64404296875 0.4091796875 0.3916015625 0.298828125
