9 0.692138671875 0.3958333333333333 0.04052734375 0.09765625
9 0.70703125 0.3466796875 0.021484375 0.043619791666666664
4 0.7314453125 0.3828125 0.03515625 0.036458333333333336
6 0.615966796875 0.3352864583333333 0.03662109375 0.032552083333333336
6 0.71484375 0.42578125 0.017578125 0.036458333333333336
5 0.585205078125 0.4000651041666667 0.05224609375 0.07747395833333333
5 0.739990234375 0.3297526041666667 0.04052734375 0.06705729166666667
7 0.545654296875 0.3492838541666667 0.05126953125 0.042317708333333336
7 0.620849609375 0.3665364583333333 0.04345703125 0.05078125
7 0.677490234375 0.3154296875 0.04833984375 0.072265625
11 0.639404296875 0.4124348958333333 0.06005859375 0.06315104166666667
11 0.75634765625 0.3990885416666667 0.056640625 0.06770833333333333
10 0.61083984375 0.2783203125 0.0322265625 0.076171875
10 0.644775390625 0.3349609375 0.02978515625 0.087890625
12 0.578369140625 0.2923177083333333 0.03271484375 0.12369791666666667
17 0.645751953125 0.3837890625 0.38623046875 0.337890625
