9 0.533447265625 0.5345052083333334 0.06103515625 0.046875
9 0.527099609375 0.4254557291666667 0.04052734375 0.044921875
9 0.48828125 0.4208984375 0.0419921875 0.035807291666666664
4 0.629638671875 0.5192057291666666 0.05029296875 0.041015625
6 0.529052734375 0.40625 0.02783203125 0.06901041666666667
5 0.61376953125 0.4651692708333333 0.0546875 0.06705729166666667
5 0.601806640625 0.5865885416666666 0.08154296875 0.13541666666666666
7 0.48876953125 0.55859375 0.076171875 0.12109375
8 0.50439453125 0.4788411458333333 0.15625 0.10481770833333333
11 0.68359375 0.5807291666666666 0.0712890625 0.07682291666666667
10 0.3671875 0.5250651041666666 0.0458984375 0.13216145833333334
12 0.42138671875 0.5348307291666666 0.056640625 0.14908854166666666
17 0.50244140625 0.6220703125 0.5341796875 0.5188802083333334
