9 0.50927734375 0.4560546875 0.04296875 0.06966145833333333
9 0.51318359375 0.5260416666666666 0.0380859375 0.041666666666666664
6 0.510009765625 0.4075520833333333 0.08544921875 0.055989583333333336
6 0.569091796875 0.5319010416666666 0.10791015625 0.09244791666666667
5 0.56201171875 0.46875 0.056640625 0.07682291666666667
5 0.49560546875 0.6015625 0.0791015625 0.12369791666666667
7 0.393310546875 0.6025390625 0.09912109375 0.17513020833333334
8 0.63671875 0.4990234375 0.1142578125 0.142578125
11 0.45947265625 0.5299479166666666 0.080078125 0.13932291666666666
11 0.570068359375 0.5888671875 0.07861328125 0.10221354166666667
10 0.401611328125 0.5055338541666666 0.05322265625 0.126953125
10 0.5654296875 0.4215494791666667 0.0634765625 0.041015625
12 0.441650390625 0.3873697916666667 0.04931640625 0.1640625
17 0.4482421875 0.5755208333333334 0.521484375 0.5559895833333334
