9 0.768798828125 0.3681640625 0.03955078125 0.09700520833333333
4 0.679443359375 0.3391927083333333 0.05517578125 0.036458333333333336
4 0.605712890625 0.3356119791666667 0.04931640625 0.054036458333333336
6 0.719970703125 0.3792317708333333 0.02880859375 0.111328125
6 0.646240234375 0.310546875 0.04345703125 0.040364583333333336
5 0.797607421875 0.357421875 0.01806640625 0.061197916666666664
7 0.677001953125 0.376953125 0.09619140625 0.06510416666666667
8 0.57861328125 0.3805338541666667 0.1083984375 0.072265625
11 0.59423828125 0.3076171875 0.0234375 0.048828125
10 0.670166015625 0.3050130208333333 0.03662109375 0.054036458333333336
10 0.74560546875 0.296875 0.0458984375 0.0703125
17 0.65869140625 0.3929036458333333 0.3583984375 0.2805989583333333
