4 0.52197265625 0.4296875 0.0146484375 0.032552083333333336
4 0.50537109375 0.3502604166666667 0.04296875 0.029947916666666668
6 0.471923828125 0.4007161458333333 0.04248046875 0.029296875
6 0.659912109375 0.3854166666666667 0.06787109375 0.049479166666666664
5 0.49658203125 0.3974609375 0.025390625 0.057942708333333336
5 0.588623046875 0.3232421875 0.03662109375 0.039713541666666664
7 0.541748046875 0.3466796875 0.03271484375 0.037109375
8 0.564208984375 0.41796875 0.11572265625 0.11458333333333333
11 0.562255859375 0.3352864583333333 0.03466796875 0.041666666666666664
10 0.593505859375 0.3636067708333333 0.04833984375 0.042317708333333336
12 0.634765625 0.3486328125 0.0439453125 0.057942708333333336
12 0.60986328125 0.3909505208333333 0.056640625 0.046223958333333336
17 0.5908203125 0.396484375 0.349609375 0.21223958333333334
