9 0.625732421875 0.3795572916666667 0.03759765625 0.032552083333333336
4 0.549072265625 0.4264322916666667 0.02880859375 0.022135416666666668
5 0.68701171875 0.4820963541666667 0.0869140625 0.080078125
7 0.580322265625 0.44921875 0.11767578125 0.08333333333333333
8 0.761474609375 0.4225260416666667 0.13623046875 0.08723958333333333
11 0.612060546875 0.4749348958333333 0.08154296875 0.050130208333333336
10 0.62841796875 0.3160807291666667 0.0322265625 0.09700520833333333
10 0.598876953125 0.4026692708333333 0.11181640625 0.046223958333333336
12 0.674560546875 0.3723958333333333 0.05419921875 0.15364583333333334
17 0.650634765625 0.4280598958333333 0.40283203125 0.3404947916666667
