9 0.5771484375 0.357421875 0.0400390625 0.07682291666666667
9 0.62841796875 0.3310546875 0.041015625 0.044921875
4 0.600341796875 0.298828125 0.03564453125 0.029947916666666668
6 0.62744140625 0.2639973958333333 0.0166015625 0.095703125
6 0.65869140625 0.3421223958333333 0.0185546875 0.027994791666666668
5 0.604248046875 0.3372395833333333 0.03173828125 0.05078125
5 0.734619140625 0.3580729166666667 0.04931640625 0.09895833333333333
7 0.65576171875 0.421875 0.0712890625 0.09895833333333333
7 0.650390625 0.3746744791666667 0.1171875 0.048828125
11 0.686279296875 0.3408203125 0.03857421875 0.025390625
10 0.577880859375 0.4361979166666667 0.09912109375 0.06380208333333333
12 0.53564453125 0.3196614583333333 0.0478515625 0.15234375
17 0.64892578125 0.3772786458333333 0.3935546875 0.3509114583333333
