4 0.690185546875 0.2981770833333333 0.04736328125 0.041666666666666664
4 0.718017578125 0.4261067708333333 0.05712890625 0.061848958333333336
6 0.5791015625 0.3369140625 0.0224609375 0.07356770833333333
6 0.69287109375 0.3160807291666667 0.0634765625 0.014973958333333334
5 0.590087890625 0.357421875 0.03076171875 0.07552083333333333
5 0.707275390625 0.3548177083333333 0.01904296875 0.06640625
7 0.636962890625 0.2766927083333333 0.03759765625 0.08854166666666667
8 0.695068359375 0.24837239583333334 0.07080078125 0.06705729166666667
11 0.686279296875 0.3544921875 0.03857421875 0.08919270833333333
11 0.62158203125 0.3619791666666667 0.0419921875 0.09114583333333333
10 0.658447265625 0.3528645833333333 0.02783203125 0.1171875
17 0.655029296875 0.3649088541666667 0.35107421875 0.3326822916666667
