9 0.69580078125 0.2994791666666667 0.0205078125 0.046875
4 0.651123046875 0.298828125 0.04736328125 0.048177083333333336
4 0.590087890625 0.4150390625 0.05029296875 0.044921875
6 0.6962890625 0.3271484375 0.04296875 0.030598958333333332
5 0.692626953125 0.3649088541666667 0.04638671875 0.076171875
7 0.675048828125 0.2724609375 0.04052734375 0.10091145833333333
8 0.748779296875 0.3079427083333333 0.09423828125 0.1796875
11 0.6484375 0.3665364583333333 0.0341796875 0.08984375
11 0.623779296875 0.353515625 0.02001953125 0.05078125
17 0.65771484375 0.37890625 0.359375 0.3255208333333333
