9 0.648193359375 0.33203125 0.03369140625 0.0546875
9 0.614013671875 0.3271484375 0.02978515625 0.048828125
4 0.6845703125 0.2975260416666667 0.048828125 0.036458333333333336
6 0.649658203125 0.2649739583333333 0.02587890625 0.10546875
5 0.702392578125 0.3977864583333333 0.06103515625 0.08463541666666667
5 0.685791015625 0.3388671875 0.03759765625 0.057942708333333336
7 0.62841796875 0.3779296875 0.09765625 0.08138020833333333
7 0.55712890625 0.4026692708333333 0.1083984375 0.07877604166666667
11 0.737060546875 0.3854166666666667 0.02197265625 0.049479166666666664
10 0.520263671875 0.3746744791666667 0.03564453125 0.060546875
12 0.585205078125 0.2757161458333333 0.03271484375 0.119140625
17 0.64501953125 0.3779296875 0.3955078125 0.3561197916666667
