9 0.461669921875 0.5192057291666666 0.04638671875 0.12825520833333334
4 0.5439453125 0.4326171875 0.044921875 0.041015625
6 0.5087890625 0.6012369791666666 0.080078125 0.09440104166666667
6 0.5439453125 0.5927734375 0.06640625 0.09049479166666667
5 0.5703125 0.5084635416666666 0.064453125 0.11067708333333333
5 0.427490234375 0.5592447916666666 0.06103515625 0.125
7 0.559814453125 0.474609375 0.15478515625 0.05078125
7 0.346435546875 0.5813802083333334 0.06494140625 0.17708333333333334
8 0.463623046875 0.4306640625 0.09912109375 0.07096354166666667
10 0.387451171875 0.515625 0.08642578125 0.07682291666666667
10 0.509521484375 0.5364583333333334 0.05419921875 0.10026041666666667
12 0.389404296875 0.3896484375 0.05029296875 0.173828125
17 0.44873046875 0.5745442708333334 0.51953125 0.560546875
