9 0.50830078125 0.6969401041666666 0.0419921875 0.099609375
4 0.65869140625 0.6956380208333334 0.03515625 0.06575520833333333
6 0.49365234375 0.7786458333333334 0.1123046875 0.028645833333333332
6 0.511474609375 0.7998046875 0.10498046875 0.022786458333333332
5 0.46240234375 0.7001953125 0.0419921875 0.11002604166666667
5 0.5966796875 0.7535807291666666 0.0634765625 0.10221354166666667
7 0.438720703125 0.6783854166666666 0.10791015625 0.11328125
7 0.638916015625 0.7337239583333334 0.11474609375 0.15625
8 0.6044921875 0.6360677083333334 0.1220703125 0.08723958333333333
10 0.53173828125 0.7425130208333334 0.0693359375 0.054036458333333336
10 0.5126953125 0.6735026041666666 0.1181640625 0.072265625
12 0.532958984375 0.5667317708333334 0.04443359375 0.12825520833333334
17 0.530517578125 0.7464192708333334 0.45751953125 0.501953125
