9 0.614013671875 0.4427083333333333 0.05712890625 0.061197916666666664
4 0.71826171875 0.3623046875 0.0595703125 0.044921875
6 0.658447265625 0.3889973958333333 0.02490234375 0.037109375
5 0.583740234375 0.39453125 0.03759765625 0.08203125
5 0.72216796875 0.4020182291666667 0.04296875 0.052734375
7 0.6533203125 0.4117838541666667 0.1220703125 0.017578125
8 0.700439453125 0.3414713541666667 0.09814453125 0.043619791666666664
11 0.6298828125 0.3743489583333333 0.0322265625 0.052083333333333336
10 0.552001953125 0.3671875 0.03466796875 0.11067708333333333
12 0.705322265625 0.4596354166666667 0.15087890625 0.0703125
12 0.649169921875 0.3727213541666667 0.09814453125 0.026692708333333332
17 0.630126953125 0.4117838541666667 0.33056640625 0.212890625
