9 0.55419921875 0.4108072916666667 0.0380859375 0.037760416666666664
4 0.492431640625 0.4860026041666667 0.04443359375 0.033203125
5 0.67236328125 0.5143229166666666 0.0732421875 0.09765625
7 0.53857421875 0.4967447916666667 0.1259765625 0.109375
8 0.705810546875 0.4378255208333333 0.10302734375 0.07356770833333333
11 0.5791015625 0.515625 0.080078125 0.06640625
11 0.602783203125 0.4537760416666667 0.02197265625 0.041666666666666664
10 0.5361328125 0.4498697916666667 0.119140625 0.036458333333333336
10 0.55322265625 0.345703125 0.0341796875 0.11328125
12 0.63623046875 0.3974609375 0.0478515625 0.166015625
17 0.5927734375 0.45703125 0.38671875 0.33984375
