4 0.56689453125 0.318359375 0.0361328125 0.033854166666666664
6 0.68701171875 0.4117838541666667 0.1064453125 0.035807291666666664
5 0.6796875 0.3359375 0.0361328125 0.06901041666666667
7 0.609619140625 0.337890625 0.04833984375 0.04296875
8 0.54052734375 0.3961588541666667 0.1005859375 0.091796875
11 0.64697265625 0.3287760416666667 0.037109375 0.046875
10 0.637451171875 0.361328125 0.06982421875 0.024739583333333332
12 0.708251953125 0.3597005208333333 0.06396484375 0.076171875
12 0.630126953125 0.3883463541666667 0.08740234375 0.046223958333333336
17 0.6240234375 0.3828125 0.3427734375 0.21614583333333334
