9 0.588134765625 0.4778645833333333 0.04345703125 0.08854166666666667
4 0.64599609375 0.3463541666666667 0.021484375 0.036458333333333336
6 0.4892578125 0.4306640625 0.0517578125 0.042317708333333336
6 0.489013671875 0.4602864583333333 0.05419921875 0.04296875
5 0.58740234375 0.419921875 0.0498046875 0.048177083333333336
8 0.66259765625 0.4143880208333333 0.0732421875 0.205078125
11 0.601806640625 0.4228515625 0.04052734375 0.09049479166666667
10 0.62060546875 0.3697916666666667 0.03515625 0.16276041666666666
10 0.529541015625 0.4365234375 0.04638671875 0.13216145833333334
12 0.695068359375 0.375 0.03466796875 0.1953125
12 0.546875 0.3782552083333333 0.0419921875 0.16536458333333334
17 0.60107421875 0.4264322916666667 0.4052734375 0.3255208333333333
