9 0.630859375 0.3629557291666667 0.0390625 0.09309895833333333
9 0.667236328125 0.390625 0.04443359375 0.08463541666666667
4 0.59130859375 0.3538411458333333 0.03125 0.037109375
6 0.629150390625 0.275390625 0.03076171875 0.09635416666666667
6 0.550048828125 0.3987630208333333 0.03857421875 0.043619791666666664
5 0.591796875 0.4052734375 0.0458984375 0.08528645833333333
5 0.591796875 0.3186848958333333 0.041015625 0.044921875
7 0.71484375 0.3336588541666667 0.087890625 0.054036458333333336
11 0.559326171875 0.3665364583333333 0.02197265625 0.040364583333333336
10 0.76513671875 0.3694661458333333 0.0615234375 0.08138020833333333
12 0.7099609375 0.3538411458333333 0.048828125 0.185546875
17 0.646240234375 0.388671875 0.38720703125 0.3307291666666667
