9 0.593994140625 0.35546875 0.04150390625 0.08984375
4 0.70458984375 0.28515625 0.04296875 0.03515625
4 0.66357421875 0.3037109375 0.044921875 0.039713541666666664
6 0.62744140625 0.3274739583333333 0.0703125 0.029947916666666668
5 0.612548828125 0.3935546875 0.04052734375 0.051432291666666664
7 0.618408203125 0.3079427083333333 0.05029296875 0.08463541666666667
11 0.686279296875 0.3961588541666667 0.06689453125 0.048828125
11 0.705810546875 0.3430989583333333 0.03564453125 0.08333333333333333
10 0.745849609375 0.3528645833333333 0.05029296875 0.06640625
10 0.67041015625 0.333984375 0.0380859375 0.08984375
17 0.658447265625 0.3968098958333333 0.34228515625 0.2766927083333333
