9 0.560546875 0.3531901041666667 0.03125 0.08528645833333333
9 0.584716796875 0.3121744791666667 0.02880859375 0.057942708333333336
9 0.70751953125 0.384765625 0.0244140625 0.07161458333333333
4 0.625244140625 0.416015625 0.03857421875 0.041666666666666664
4 0.699951171875 0.3385416666666667 0.05322265625 0.045572916666666664
5 0.621826171875 0.3701171875 0.04638671875 0.060546875
5 0.66796875 0.4010416666666667 0.0458984375 0.09114583333333333
8 0.78125 0.3912760416666667 0.1533203125 0.09765625
11 0.583251953125 0.4222005208333333 0.07177734375 0.061848958333333336
11 0.591796875 0.3603515625 0.0380859375 0.038411458333333336
10 0.647216796875 0.3186848958333333 0.02294921875 0.07096354166666667
10 0.72607421875 0.2877604166666667 0.0244140625 0.06380208333333333
10 0.752685546875 0.3050130208333333 0.04150390625 0.130859375
17 0.6748046875 0.3815104166666667 0.390625 0.3020833333333333
