9 0.629638671875 0.4000651041666667 0.04736328125 0.103515625
9 0.57373046875 0.3763020833333333 0.0400390625 0.09505208333333333
9 0.73046875 0.3616536458333333 0.033203125 0.059244791666666664
4 0.73388671875 0.3160807291666667 0.052734375 0.029296875
4 0.73583984375 0.4013671875 0.0458984375 0.020182291666666668
6 0.65185546875 0.4202473958333333 0.021484375 0.057942708333333336
5 0.685546875 0.3841145833333333 0.0625 0.0703125
5 0.771728515625 0.3727213541666667 0.04150390625 0.095703125
5 0.56982421875 0.3678385416666667 0.0615234375 0.05078125
7 0.651123046875 0.3531901041666667 0.09326171875 0.048828125
8 0.784912109375 0.326171875 0.08935546875 0.08854166666666667
11 0.730224609375 0.4329427083333333 0.08935546875 0.046875
11 0.596435546875 0.4059244791666667 0.02294921875 0.057942708333333336
11 0.604736328125 0.3466796875 0.02880859375 0.072265625
10 0.719482421875 0.2633463541666667 0.04052734375 0.08268229166666667
10 0.64404296875 0.2923177083333333 0.0390625 0.0859375
10 0.65869140625 0.333984375 0.0380859375 0.07682291666666667
17 0.6611328125 0.3759765625 0.3603515625 0.314453125
