4 0.76953125 0.4020182291666667 0.056640625 0.059244791666666664
4 0.7060546875 0.2864583333333333 0.0546875 0.041666666666666664
6 0.576416015625 0.34765625 0.04736328125 0.125
5 0.603271484375 0.3792317708333333 0.04345703125 0.06966145833333333
7 0.62646484375 0.287109375 0.0361328125 0.1015625
8 0.652099609375 0.2727864583333333 0.03369140625 0.10807291666666667
11 0.6396484375 0.3684895833333333 0.03515625 0.08723958333333333
11 0.703857421875 0.3548177083333333 0.04443359375 0.09895833333333333
10 0.670166015625 0.3453776041666667 0.02587890625 0.11783854166666667
17 0.659912109375 0.3727213541666667 0.36279296875 0.3196614583333333
