9 0.446044921875 0.5143229166666666 0.04736328125 0.12109375
4 0.56494140625 0.4459635416666667 0.0439453125 0.040364583333333336
6 0.479736328125 0.6061197916666666 0.11669921875 0.07421875
6 0.509521484375 0.6103515625 0.09228515625 0.08268229166666667
5 0.562744140625 0.5231119791666666 0.08056640625 0.107421875
5 0.39794921875 0.5481770833333334 0.0595703125 0.13151041666666666
7 0.567626953125 0.4931640625 0.15771484375 0.08268229166666667
7 0.332275390625 0.5475260416666666 0.08056640625 0.15625
8 0.479736328125 0.4254557291666667 0.10009765625 0.08138020833333333
10 0.4951171875 0.54296875 0.072265625 0.09505208333333333
10 0.428466796875 0.4908854166666667 0.13427734375 0.06510416666666667
12 0.40283203125 0.3782552083333333 0.052734375 0.15364583333333334
17 0.447509765625 0.5807291666666666 0.52490234375 0.55859375
