4 0.53271484375 0.3151041666666667 0.0283203125 0.02734375
6 0.6015625 0.4293619791666667 0.0888671875 0.043619791666666664
5 0.633056640625 0.3492838541666667 0.03662109375 0.056640625
5 0.531005859375 0.3421223958333333 0.04345703125 0.038411458333333336
7 0.5703125 0.3395182291666667 0.041015625 0.050130208333333336
8 0.48193359375 0.39453125 0.1220703125 0.10286458333333333
11 0.599609375 0.3385416666666667 0.0283203125 0.048177083333333336
10 0.578857421875 0.3723958333333333 0.06787109375 0.037760416666666664
12 0.655517578125 0.3844401041666667 0.10009765625 0.068359375
12 0.557861328125 0.4013671875 0.07080078125 0.044921875
17 0.583740234375 0.4010416666666667 0.37158203125 0.203125
