9 0.518798828125 0.4775390625 0.04052734375 0.08919270833333333
9 0.488525390625 0.5260416666666666 0.06103515625 0.08333333333333333
6 0.52197265625 0.4306640625 0.1181640625 0.044921875
6 0.513671875 0.5768229166666666 0.09765625 0.14973958333333334
5 0.573974609375 0.5032552083333334 0.06884765625 0.078125
5 0.396728515625 0.5953776041666666 0.08642578125 0.12434895833333333
7 0.3349609375 0.5537109375 0.0888671875 0.17122395833333334
8 0.622802734375 0.5690104166666666 0.16943359375 0.19921875
11 0.473388671875 0.6162109375 0.05810546875 0.119140625
11 0.438720703125 0.5052083333333334 0.06494140625 0.07421875
10 0.414794921875 0.4697265625 0.07763671875 0.10481770833333333
10 0.64306640625 0.4752604166666667 0.107421875 0.0546875
12 0.4736328125 0.3893229166666667 0.048828125 0.1796875
17 0.450927734375 0.5729166666666666 0.53173828125 0.5533854166666666
