4 0.50048828125 0.3541666666666667 0.044921875 0.032552083333333336
4 0.518798828125 0.4261067708333333 0.01708984375 0.035807291666666664
6 0.667236328125 0.3824869791666667 0.06591796875 0.050130208333333336
6 0.46875 0.4026692708333333 0.029296875 0.029296875
5 0.586181640625 0.3095703125 0.02880859375 0.026692708333333332
5 0.496826171875 0.4016927083333333 0.03271484375 0.06380208333333333
7 0.536376953125 0.3502604166666667 0.04833984375 0.046875
8 0.564453125 0.4189453125 0.1123046875 0.10481770833333333
11 0.6279296875 0.4186197916666667 0.0478515625 0.04296875
11 0.564208984375 0.3330078125 0.03173828125 0.041015625
10 0.591064453125 0.359375 0.05029296875 0.032552083333333336
12 0.629150390625 0.3440755208333333 0.03955078125 0.048828125
12 0.611572265625 0.3818359375 0.05322265625 0.041015625
17 0.59130859375 0.400390625 0.3505859375 0.21875
