9 0.478759765625 0.4371744791666667 0.04150390625 0.07877604166666667
4 0.36279296875 0.5615234375 0.0595703125 0.09440104166666667
6 0.421875 0.47265625 0.037109375 0.02734375
5 0.373046875 0.474609375 0.060546875 0.061197916666666664
5 0.514404296875 0.4280598958333333 0.02587890625 0.061848958333333336
7 0.36328125 0.5198567708333334 0.1533203125 0.072265625
7 0.5947265625 0.4820963541666667 0.0576171875 0.126953125
8 0.4873046875 0.5777994791666666 0.177734375 0.19856770833333334
10 0.512451171875 0.4651692708333333 0.13720703125 0.087890625
10 0.435546875 0.4827473958333333 0.0478515625 0.052734375
12 0.53857421875 0.4117838541666667 0.052734375 0.15169270833333334
17 0.450927734375 0.5908203125 0.52294921875 0.5397135416666666
