6 0.50390625 0.4973958333333333 0.0595703125 0.03125
0 0.4501953125 0.4215494791666667 0.0390625 0.044921875
2 0.484375 0.451171875 0.072265625 0.06510416666666667
13 0.53173828125 0.4514973958333333 0.015625 0.042317708333333336
4 0.524658203125 0.4114583333333333 0.05322265625 0.036458333333333336
7 0.4814453125 0.3463541666666667 0.0390625 0.13411458333333334
5 0.415771484375 0.4521484375 0.05908203125 0.095703125
5 0.560791015625 0.4781901041666667 0.06005859375 0.119140625
9 0.632080078125 0.4319661458333333 0.04736328125 0.10481770833333333
17 0.497802734375 0.4524739583333333 0.49169921875 0.36328125
