6 0.534912109375 0.4723307291666667 0.06005859375 0.044921875
0 0.53173828125 0.4973958333333333 0.1015625 0.055989583333333336
2 0.47998046875 0.4459635416666667 0.0556640625 0.057291666666666664
13 0.52685546875 0.4326171875 0.0439453125 0.052734375
5 0.428955078125 0.4583333333333333 0.05712890625 0.08854166666666667
5 0.590576171875 0.4508463541666667 0.05126953125 0.10611979166666667
7 0.423583984375 0.3483072916666667 0.04345703125 0.13020833333333334
4 0.47900390625 0.4166666666666667 0.0419921875 0.041666666666666664
9 0.58544921875 0.3736979166666667 0.0380859375 0.04296875
17 0.475830078125 0.4225260416666667 0.42431640625 0.3046875
