6 0.53271484375 0.4781901041666667 0.0595703125 0.025390625
0 0.514892578125 0.3863932291666667 0.02392578125 0.021484375
2 0.48291015625 0.4326171875 0.05859375 0.059244791666666664
13 0.532470703125 0.4430338541666667 0.04638671875 0.044921875
5 0.422607421875 0.4449869791666667 0.04638671875 0.10611979166666667
5 0.428955078125 0.4098307291666667 0.05419921875 0.068359375
7 0.552734375 0.3509114583333333 0.0380859375 0.14322916666666666
4 0.515380859375 0.4163411458333333 0.04541015625 0.026692708333333332
9 0.58544921875 0.4485677083333333 0.0458984375 0.11328125
17 0.488037109375 0.4052734375 0.41943359375 0.283203125
