9 0.482422 0.459961 0.035156 0.044922
9 0.571045 0.477214 0.032715 0.097656
9 0.520752 0.416016 0.012207 0.042969
5 0.485840 0.422526 0.041992 0.032552
5 0.504883 0.436198 0.022461 0.059896
11 0.593262 0.464518 0.026367 0.097005
11 0.556885 0.502279 0.034668 0.078776
4 0.621338 0.488932 0.041504 0.053385
4 0.613770 0.449544 0.018555 0.034505
7 0.536133 0.400065 0.038086 0.121745
14 0.519043 0.488932 0.038086 0.070312
13 0.470459 0.505208 0.048340 0.061198
13 0.440430 0.482422 0.029297 0.046875
17 0.526367 0.468750 0.397461 0.277344
