9 0.574219 0.434896 0.035156 0.065104
9 0.470215 0.424154 0.033203 0.052734
9 0.386963 0.464193 0.041504 0.091146
5 0.506836 0.524089 0.048828 0.072917
5 0.521973 0.478516 0.041992 0.072917
11 0.562012 0.512695 0.060547 0.047526
11 0.480713 0.463867 0.036621 0.044922
4 0.568848 0.486328 0.053711 0.027344
4 0.451172 0.433594 0.017578 0.036458
7 0.424561 0.458659 0.052246 0.061849
14 0.459717 0.494141 0.043457 0.067708
14 0.521729 0.425130 0.037598 0.036458
13 0.613037 0.460286 0.037598 0.061198
17 0.500732 0.481445 0.399902 0.232422
