9 0.536133 0.448242 0.046875 0.099609
9 0.527344 0.375977 0.028320 0.037109
9 0.482178 0.471680 0.043457 0.068359
5 0.571045 0.410807 0.043457 0.055990
5 0.446045 0.448893 0.061035 0.082682
5 0.465088 0.408529 0.029785 0.030599
11 0.419678 0.393555 0.035645 0.069661
11 0.376221 0.430339 0.032715 0.048177
11 0.408936 0.453451 0.032715 0.043620
11 0.517090 0.422201 0.029297 0.094401
10 0.586182 0.466471 0.055176 0.057943
10 0.563965 0.367188 0.031250 0.048177
10 0.480469 0.395182 0.028320 0.078125
4 0.512207 0.504557 0.057617 0.065104
4 0.381592 0.477214 0.050293 0.042969
4 0.476807 0.377604 0.057129 0.020833
17 0.509277 0.451497 0.374023 0.267578
