9 0.487549 0.486979 0.040527 0.095052
9 0.459961 0.424805 0.029297 0.056641
5 0.584961 0.437500 0.033203 0.046875
5 0.548584 0.478516 0.050293 0.074219
11 0.534424 0.359375 0.032715 0.031250
11 0.510254 0.449219 0.013672 0.102865
4 0.487549 0.424154 0.050293 0.042318
4 0.542725 0.382161 0.042480 0.031250
7 0.492432 0.361654 0.044434 0.070964
8 0.626221 0.479167 0.103027 0.135417
8 0.699463 0.496094 0.119629 0.106771
14 0.451172 0.474609 0.040039 0.076823
14 0.591553 0.367839 0.042480 0.049479
13 0.585205 0.404622 0.036621 0.056641
13 0.544922 0.424479 0.036133 0.049479
17 0.589600 0.445638 0.360840 0.258464
