9 0.513672 0.432292 0.031250 0.066406
9 0.440674 0.431966 0.041504 0.043620
9 0.446045 0.503255 0.043457 0.113281
5 0.551758 0.456380 0.046875 0.040365
5 0.614502 0.513346 0.074707 0.063151
11 0.621338 0.477539 0.029785 0.030599
11 0.500977 0.495768 0.042969 0.056641
4 0.383301 0.461914 0.038086 0.030599
4 0.593262 0.473307 0.030273 0.037760
7 0.414307 0.503906 0.136230 0.057292
14 0.552002 0.501953 0.052246 0.080729
14 0.496094 0.454753 0.046875 0.055339
13 0.574707 0.440104 0.034180 0.046875
13 0.465332 0.449219 0.013672 0.046875
17 0.505859 0.486003 0.375000 0.198568
