9 0.407715 0.518555 0.044922 0.112630
9 0.424561 0.486003 0.020996 0.081380
9 0.575684 0.455404 0.035156 0.089193
5 0.511719 0.439779 0.035156 0.055339
5 0.544434 0.431315 0.032227 0.050130
11 0.378174 0.500977 0.029785 0.110026
11 0.519043 0.526693 0.046875 0.102865
10 0.454590 0.486654 0.038086 0.129557
4 0.577637 0.543945 0.063477 0.054036
4 0.477051 0.567057 0.053711 0.044271
7 0.479004 0.436849 0.051758 0.170573
14 0.562012 0.492839 0.040039 0.072917
14 0.355957 0.502604 0.013672 0.052083
17 0.456299 0.475586 0.395996 0.280599
