9 0.414795 0.440104 0.034668 0.082031
9 0.527588 0.422201 0.038574 0.061849
9 0.624756 0.456055 0.045410 0.059245
5 0.513428 0.480794 0.051270 0.064453
5 0.433838 0.526042 0.065918 0.071615
11 0.476807 0.486003 0.024902 0.042318
11 0.511963 0.535156 0.069824 0.044271
4 0.560059 0.527995 0.047852 0.045573
4 0.557129 0.428060 0.020508 0.018880
7 0.468262 0.439779 0.044922 0.056641
14 0.564209 0.464844 0.043457 0.066406
14 0.440674 0.480469 0.047363 0.046875
13 0.629883 0.503906 0.042969 0.066406
13 0.595459 0.456055 0.026855 0.059245
17 0.532227 0.483073 0.360352 0.197917
