9 0.570801 0.486654 0.046875 0.098307
9 0.442627 0.484701 0.043457 0.099609
9 0.397217 0.441081 0.033691 0.055339
5 0.602295 0.447917 0.036621 0.050781
5 0.510010 0.440430 0.043457 0.055339
11 0.480713 0.487630 0.027832 0.041667
11 0.539795 0.458008 0.019043 0.044922
4 0.366211 0.541667 0.053711 0.067708
4 0.477295 0.456380 0.019043 0.032552
7 0.501465 0.519206 0.066406 0.106120
14 0.418213 0.473958 0.010254 0.050781
14 0.570801 0.454753 0.046875 0.048828
13 0.393555 0.486654 0.044922 0.052734
13 0.435547 0.429688 0.033203 0.020833
17 0.470703 0.500977 0.377930 0.207682
