9 0.648926 0.424805 0.035156 0.068359
9 0.591797 0.455078 0.035156 0.059896
9 0.544434 0.402344 0.032227 0.042969
9 0.479004 0.504557 0.057617 0.062500
5 0.556641 0.466146 0.035156 0.057292
5 0.543213 0.430664 0.041504 0.033203
11 0.459961 0.482422 0.033203 0.065104
11 0.630127 0.461589 0.027832 0.026042
11 0.623047 0.479818 0.027344 0.027344
4 0.669922 0.512695 0.040039 0.052734
7 0.673096 0.457357 0.079590 0.063151
8 0.473389 0.431641 0.106934 0.100260
8 0.586182 0.526693 0.134277 0.080729
14 0.575928 0.422201 0.029785 0.035807
14 0.515381 0.483724 0.043457 0.061198
13 0.626221 0.429688 0.014160 0.039062
13 0.605957 0.432292 0.028320 0.055990
17 0.550781 0.498372 0.403320 0.241536
