9 0.461670 0.495443 0.061035 0.055990
9 0.570557 0.469401 0.035645 0.061198
9 0.572510 0.408529 0.042480 0.042318
9 0.669922 0.441081 0.040039 0.067057
5 0.534424 0.469727 0.036621 0.050130
5 0.555420 0.432617 0.045410 0.029297
11 0.617920 0.470703 0.057129 0.028646
11 0.609131 0.499349 0.039551 0.045573
11 0.449463 0.462891 0.032715 0.037760
4 0.633301 0.541992 0.049805 0.051432
7 0.674805 0.481445 0.114258 0.061849
8 0.548340 0.534180 0.126953 0.087891
8 0.506592 0.418945 0.097168 0.076172
14 0.499756 0.469401 0.032715 0.048177
14 0.610840 0.425781 0.038086 0.023438
13 0.609375 0.453451 0.041016 0.057943
13 0.638428 0.444661 0.021973 0.045573
17 0.565186 0.502930 0.427246 0.266276
