9 0.548340 0.438477 0.033203 0.091797
9 0.506592 0.473633 0.046387 0.063151
9 0.499512 0.387370 0.024414 0.059896
5 0.452881 0.455729 0.052246 0.075521
5 0.445557 0.411784 0.034668 0.029297
11 0.409424 0.456055 0.045410 0.037109
11 0.404297 0.402018 0.041992 0.097005
11 0.372803 0.449219 0.033691 0.074219
11 0.519043 0.412435 0.024414 0.077474
10 0.475342 0.393229 0.024902 0.079427
10 0.537842 0.366211 0.036621 0.047526
10 0.596924 0.453451 0.050293 0.046224
4 0.562256 0.500326 0.032715 0.078776
4 0.395508 0.494466 0.059570 0.044922
4 0.445801 0.385091 0.038086 0.029297
5 0.560059 0.403320 0.039062 0.052734
17 0.507080 0.460938 0.367676 0.251302
