9 0.655762 0.470378 0.021484 0.097005
9 0.492920 0.521159 0.043457 0.089193
9 0.474854 0.433268 0.036621 0.078776
5 0.428711 0.472656 0.046875 0.083333
5 0.468262 0.453125 0.031250 0.046875
11 0.631836 0.479492 0.044922 0.113932
11 0.605225 0.413086 0.043457 0.030599
10 0.452881 0.504232 0.031738 0.126953
10 0.603516 0.437826 0.033203 0.091797
7 0.530762 0.465495 0.064453 0.088542
14 0.587891 0.517253 0.056641 0.073568
14 0.558838 0.444987 0.048340 0.063151
13 0.536133 0.530273 0.048828 0.076172
17 0.575684 0.492188 0.382812 0.230469
