9 0.520508 0.392253 0.033203 0.056641
9 0.404297 0.447917 0.038086 0.101562
5 0.450684 0.472005 0.051758 0.079427
5 0.558838 0.437500 0.055176 0.046875
11 0.571045 0.486654 0.029785 0.077474
11 0.539795 0.493490 0.043457 0.057292
11 0.498047 0.472656 0.050781 0.138021
11 0.489258 0.387370 0.038086 0.037760
10 0.383301 0.417318 0.022461 0.118490
4 0.444092 0.418945 0.045410 0.042318
4 0.609131 0.488932 0.039551 0.045573
4 0.579590 0.407227 0.048828 0.027995
5 0.454102 0.389974 0.039062 0.032552
10 0.485596 0.389648 0.027832 0.039714
17 0.508545 0.466471 0.372559 0.240234
