9 0.662842 0.453125 0.041504 0.062500
9 0.601807 0.407552 0.036621 0.049479
9 0.525635 0.478841 0.043457 0.076172
9 0.449463 0.471029 0.054199 0.038411
5 0.562012 0.454102 0.038086 0.056641
5 0.499756 0.463542 0.019043 0.052083
11 0.447510 0.439453 0.030762 0.035156
11 0.562256 0.506836 0.048340 0.048828
11 0.622803 0.478516 0.039551 0.022135
4 0.567139 0.548503 0.047363 0.055339
7 0.653809 0.504883 0.137695 0.060547
8 0.529297 0.408854 0.086914 0.063802
8 0.461670 0.519531 0.144043 0.083333
14 0.628418 0.450521 0.038086 0.067708
14 0.482178 0.462565 0.017090 0.043620
13 0.604004 0.459635 0.038086 0.057292
17 0.573242 0.490560 0.372070 0.237630
