9 0.423340 0.290365 0.049805 0.072917
9 0.469727 0.254883 0.041016 0.099609
9 0.409424 0.197917 0.025879 0.057292
5 0.367676 0.278320 0.060547 0.085286
5 0.357422 0.227865 0.038086 0.033854
5 0.479004 0.215495 0.041992 0.058594
11 0.275879 0.274740 0.038086 0.071615
11 0.305176 0.220703 0.043945 0.080729
11 0.319092 0.275391 0.041504 0.042969
11 0.436768 0.230469 0.030762 0.093750
10 0.515381 0.266602 0.050293 0.052734
10 0.452881 0.165690 0.031738 0.044922
10 0.386963 0.205404 0.031738 0.078776
4 0.482178 0.315755 0.034668 0.074219
4 0.305908 0.324544 0.063965 0.050130
4 0.355469 0.197917 0.040039 0.026042
17 0.423096 0.280599 0.383301 0.295573
