9 0.604004 0.439128 0.036133 0.050130
9 0.440430 0.462891 0.031250 0.097656
9 0.527100 0.509766 0.046387 0.104167
5 0.562256 0.485352 0.025879 0.073568
5 0.575684 0.454102 0.015625 0.064453
11 0.499756 0.445964 0.020996 0.076823
11 0.484131 0.445312 0.012207 0.062500
11 0.501465 0.377930 0.033203 0.056641
4 0.529297 0.439128 0.058594 0.034505
4 0.529297 0.395182 0.048828 0.028646
7 0.458008 0.403646 0.044922 0.145833
8 0.654297 0.465169 0.128906 0.128255
8 0.719971 0.473307 0.099121 0.119792
14 0.547852 0.365560 0.044922 0.046224
14 0.485840 0.511393 0.053711 0.076172
13 0.553223 0.428060 0.041992 0.050130
13 0.563965 0.397786 0.038086 0.048177
17 0.565674 0.466797 0.416504 0.295573
