9 0.538086 0.469727 0.033203 0.095703
9 0.560547 0.416341 0.019531 0.035807
9 0.487305 0.445964 0.035156 0.040365
5 0.501465 0.425130 0.036133 0.049479
11 0.577393 0.455404 0.036621 0.057943
11 0.510254 0.500977 0.029297 0.077474
4 0.598633 0.500977 0.056641 0.063151
4 0.610352 0.463216 0.023438 0.043620
7 0.534180 0.386068 0.041992 0.087240
14 0.492676 0.480469 0.035156 0.057292
13 0.454590 0.480469 0.040039 0.058594
13 0.454346 0.439779 0.033691 0.046224
17 0.548828 0.465820 0.398438 0.271484
