9 0.503418 0.495443 0.038086 0.100260
9 0.469971 0.463542 0.035645 0.041667
9 0.659424 0.431966 0.041504 0.051432
9 0.655762 0.508464 0.053711 0.092448
5 0.581543 0.477214 0.040039 0.079427
5 0.527344 0.479818 0.024414 0.087240
11 0.555176 0.517904 0.048828 0.057943
11 0.619141 0.517253 0.035156 0.042318
11 0.496338 0.429688 0.025879 0.026042
4 0.513672 0.565104 0.057617 0.052083
7 0.612549 0.551107 0.166504 0.054036
8 0.438965 0.511393 0.084961 0.108724
8 0.598633 0.432292 0.084961 0.070312
14 0.687500 0.469727 0.040039 0.035807
14 0.543213 0.470378 0.019043 0.037109
13 0.607910 0.480794 0.042969 0.060547
13 0.692627 0.516602 0.033691 0.055339
17 0.534424 0.515951 0.402832 0.248047
