9 0.491211 0.454753 0.038086 0.104818
9 0.446045 0.460938 0.052246 0.055990
9 0.569092 0.390951 0.037598 0.046224
5 0.437256 0.430339 0.050293 0.048177
5 0.555420 0.441732 0.045410 0.070964
5 0.534180 0.403320 0.017578 0.037109
11 0.511963 0.416341 0.032715 0.081380
11 0.414551 0.400065 0.024414 0.034505
11 0.469971 0.383464 0.026855 0.069010
10 0.548340 0.489258 0.067383 0.064453
10 0.609131 0.404622 0.034668 0.098307
10 0.589844 0.453451 0.031250 0.065755
10 0.499756 0.373047 0.023926 0.048177
4 0.428467 0.500977 0.061035 0.065755
4 0.386963 0.452799 0.032715 0.038411
17 0.507812 0.460286 0.371094 0.246094
