9 0.560547 0.407227 0.036133 0.060547
9 0.557129 0.458659 0.036133 0.060547
9 0.437256 0.407227 0.034668 0.080078
5 0.505127 0.459961 0.059082 0.063151
11 0.433594 0.488607 0.033203 0.073568
11 0.510254 0.400716 0.041992 0.061849
11 0.397217 0.442708 0.033691 0.115885
10 0.468506 0.408529 0.022949 0.090495
10 0.452881 0.362305 0.025879 0.052734
4 0.500000 0.515299 0.071289 0.052734
4 0.623047 0.457031 0.055664 0.066406
4 0.423340 0.397786 0.031250 0.036458
17 0.507812 0.461263 0.379883 0.258464
