9 0.466797 0.504232 0.042969 0.108724
9 0.597168 0.492188 0.046875 0.095052
5 0.537842 0.477865 0.041504 0.067708
5 0.479004 0.439779 0.015625 0.042318
11 0.504883 0.471354 0.041992 0.105469
11 0.465088 0.394531 0.020996 0.084635
11 0.466553 0.443034 0.027832 0.026693
4 0.508057 0.399414 0.040527 0.033203
4 0.593262 0.426107 0.045898 0.035807
7 0.431641 0.450195 0.038086 0.180339
8 0.562256 0.415039 0.055176 0.108724
8 0.608887 0.430339 0.083008 0.108073
14 0.566895 0.513997 0.057617 0.090495
14 0.461670 0.375651 0.036621 0.061198
13 0.532959 0.424154 0.036621 0.061849
13 0.488770 0.388997 0.027344 0.039714
17 0.528320 0.463216 0.361328 0.264974
