9 0.586670 0.445638 0.036621 0.063151
9 0.518799 0.417969 0.029785 0.067708
9 0.562256 0.524089 0.045410 0.092448
5 0.472168 0.479167 0.053711 0.059896
5 0.403809 0.471354 0.062500 0.050781
11 0.515381 0.486003 0.041504 0.050130
11 0.407715 0.517253 0.038086 0.048828
4 0.452637 0.533529 0.055664 0.057943
4 0.669922 0.500326 0.044922 0.061849
7 0.570801 0.433268 0.104492 0.047526
14 0.454834 0.454753 0.043457 0.057943
14 0.555420 0.492839 0.045410 0.069010
13 0.604248 0.504883 0.041504 0.059245
13 0.487793 0.543294 0.046875 0.064453
17 0.543701 0.501302 0.408691 0.263021
