9 0.628418 0.477865 0.038086 0.091146
9 0.518799 0.503255 0.045410 0.109375
9 0.445801 0.463216 0.027344 0.081380
5 0.506104 0.438802 0.025879 0.033854
5 0.562012 0.471354 0.022461 0.080729
11 0.532715 0.463216 0.035156 0.098307
4 0.619141 0.415365 0.040039 0.046875
4 0.535645 0.393555 0.050781 0.046224
7 0.479004 0.458333 0.046875 0.184896
8 0.585938 0.412435 0.053711 0.091797
14 0.437012 0.393880 0.038086 0.072917
14 0.604004 0.511068 0.057617 0.069010
13 0.508057 0.401693 0.026855 0.055990
13 0.559082 0.429688 0.029297 0.044271
17 0.532227 0.483724 0.395508 0.264323
