9 0.657715 0.461589 0.057617 0.058594
9 0.579346 0.407227 0.032715 0.048828
9 0.484131 0.479167 0.041504 0.104167
9 0.464844 0.422852 0.033203 0.060547
5 0.589844 0.440430 0.049805 0.047526
11 0.663086 0.492839 0.031250 0.054688
4 0.534424 0.510417 0.034668 0.036458
7 0.482422 0.429688 0.098633 0.040365
8 0.646973 0.418294 0.077148 0.044922
8 0.576172 0.501953 0.126953 0.126302
14 0.610840 0.469076 0.036133 0.057943
14 0.451172 0.484701 0.029297 0.080078
13 0.429932 0.472005 0.020020 0.052083
13 0.508301 0.439779 0.024414 0.055339
17 0.588135 0.475911 0.354980 0.196615
