9 0.513428 0.542643 0.048340 0.097005
9 0.577881 0.423503 0.034668 0.055339
9 0.601807 0.481120 0.040527 0.088542
5 0.442627 0.462240 0.057129 0.044271
5 0.485840 0.488607 0.048828 0.074870
11 0.536133 0.484375 0.055664 0.031250
11 0.419678 0.504232 0.054199 0.043620
4 0.451172 0.520508 0.041992 0.035807
4 0.683350 0.540365 0.071777 0.059896
7 0.617676 0.470378 0.119141 0.041016
14 0.546631 0.520182 0.048340 0.084635
14 0.498047 0.454102 0.040039 0.060547
13 0.433350 0.550781 0.051270 0.070312
13 0.591309 0.540365 0.046875 0.066406
17 0.536377 0.499674 0.400879 0.219401
