9 0.390381 0.494141 0.039551 0.113281
9 0.542725 0.480143 0.036621 0.077474
9 0.546143 0.416016 0.026855 0.057292
5 0.425293 0.536458 0.055664 0.095052
5 0.463379 0.508789 0.048828 0.108724
11 0.575928 0.427083 0.034668 0.067708
11 0.457764 0.432292 0.029785 0.055990
10 0.518799 0.436849 0.021973 0.108073
10 0.527344 0.528320 0.071289 0.059245
7 0.489502 0.420898 0.036621 0.142578
14 0.598633 0.477865 0.048828 0.067708
14 0.427979 0.469727 0.026855 0.042318
13 0.586670 0.507161 0.043457 0.054688
13 0.492676 0.498698 0.024414 0.061198
17 0.502686 0.473307 0.382324 0.253906
