9 0.445557 0.509115 0.040527 0.111979
9 0.451172 0.433594 0.029297 0.054688
9 0.593262 0.494792 0.040039 0.104167
5 0.488770 0.438477 0.038086 0.039714
5 0.536133 0.471029 0.044922 0.048828
11 0.496338 0.516602 0.055176 0.031901
11 0.560547 0.438477 0.024414 0.057943
4 0.379639 0.492839 0.020020 0.048177
7 0.399170 0.519206 0.050293 0.117839
8 0.423096 0.430339 0.099121 0.084635
8 0.619141 0.460938 0.091797 0.078125
14 0.553467 0.523438 0.052246 0.078125
14 0.527588 0.438477 0.027832 0.025391
13 0.487793 0.481120 0.044922 0.066406
13 0.501953 0.541667 0.053711 0.069010
17 0.506592 0.482422 0.371582 0.205729
