9 0.521973 0.462240 0.044922 0.100260
9 0.438721 0.392904 0.032715 0.034505
9 0.492920 0.422852 0.019043 0.035807
5 0.565674 0.461589 0.048340 0.076823
5 0.437256 0.446289 0.043457 0.093099
11 0.609131 0.424805 0.038574 0.115234
11 0.475586 0.393880 0.031250 0.055990
10 0.470459 0.458333 0.020996 0.118490
10 0.463135 0.474935 0.065918 0.061849
10 0.402100 0.458008 0.054199 0.052734
10 0.527588 0.388346 0.034668 0.048828
4 0.564209 0.408203 0.038574 0.027344
17 0.508545 0.471029 0.372559 0.238932
