9 0.430176 0.430339 0.040039 0.084635
9 0.456299 0.434570 0.019043 0.042318
9 0.584961 0.454102 0.022461 0.098307
5 0.479004 0.463542 0.041992 0.096354
11 0.484131 0.393555 0.032715 0.035807
11 0.544922 0.387370 0.013672 0.033854
11 0.581543 0.363932 0.038086 0.045573
10 0.526123 0.400391 0.029785 0.083333
10 0.565186 0.457357 0.036621 0.132161
10 0.430176 0.485677 0.044922 0.059896
10 0.522217 0.481771 0.041504 0.074219
4 0.378662 0.442708 0.038574 0.053385
17 0.507568 0.458659 0.375488 0.255859
