9 0.565430 0.416992 0.031250 0.041016
9 0.479004 0.422852 0.040039 0.044922
9 0.463379 0.486003 0.038086 0.106120
5 0.623047 0.512044 0.069336 0.067057
5 0.582520 0.447591 0.050781 0.043620
11 0.641846 0.480143 0.041504 0.037109
11 0.525879 0.487305 0.038086 0.048828
4 0.621338 0.463542 0.027832 0.020833
4 0.430420 0.440755 0.029785 0.029948
7 0.444092 0.477865 0.119629 0.055990
14 0.565674 0.504883 0.059082 0.073568
14 0.532715 0.443359 0.040039 0.065104
13 0.505127 0.436523 0.020996 0.039714
13 0.619141 0.436523 0.032227 0.047526
17 0.515381 0.479818 0.348145 0.190104
