9 0.560059 0.531576 0.031250 0.085286
9 0.588379 0.445964 0.022461 0.079427
9 0.400391 0.447917 0.039062 0.052083
5 0.395752 0.513672 0.057129 0.082031
5 0.459717 0.507487 0.043457 0.094401
11 0.517090 0.432292 0.040039 0.059896
11 0.616211 0.433919 0.033203 0.061849
10 0.534424 0.520182 0.032715 0.135417
10 0.553467 0.432943 0.025879 0.100260
7 0.470215 0.471680 0.095703 0.061849
14 0.465088 0.439453 0.041504 0.042969
14 0.604004 0.496094 0.053711 0.066406
13 0.505127 0.539714 0.050293 0.069010
13 0.588379 0.523112 0.031250 0.063151
17 0.502441 0.508464 0.415039 0.261719
