9 0.649170 0.440430 0.036621 0.056641
9 0.490967 0.521159 0.047363 0.111328
9 0.477295 0.445964 0.036621 0.044271
5 0.563721 0.440104 0.040527 0.065104
5 0.604004 0.441081 0.048828 0.072266
11 0.458252 0.503906 0.036621 0.119792
11 0.607422 0.526042 0.048828 0.104167
10 0.470459 0.402018 0.027832 0.048828
10 0.536133 0.488607 0.031250 0.138672
4 0.562256 0.550781 0.059082 0.063802
4 0.656006 0.566406 0.065918 0.058594
7 0.608643 0.489583 0.113770 0.053385
14 0.656250 0.513997 0.051758 0.067057
14 0.433350 0.504557 0.017090 0.067708
13 0.506104 0.460286 0.022949 0.044271
17 0.550293 0.486328 0.404297 0.265625
