9 0.508057 0.429688 0.038574 0.087240
9 0.435547 0.500326 0.042969 0.080078
9 0.614014 0.494792 0.036621 0.104167
5 0.445557 0.432943 0.037598 0.055990
5 0.459961 0.455078 0.031250 0.066406
11 0.579590 0.500326 0.035156 0.129557
11 0.621338 0.428060 0.038574 0.033203
10 0.588379 0.416667 0.033203 0.052083
10 0.397461 0.477865 0.040039 0.128906
4 0.643555 0.486654 0.026367 0.051432
4 0.657227 0.464193 0.029297 0.035156
7 0.539795 0.462565 0.034668 0.090495
14 0.517334 0.514648 0.050293 0.077474
13 0.475586 0.519531 0.036133 0.065104
17 0.508301 0.493815 0.370117 0.225911
