9 0.574463 0.517253 0.050293 0.069661
9 0.631592 0.447266 0.034668 0.058594
9 0.590088 0.399089 0.029785 0.046875
9 0.485840 0.430339 0.034180 0.075521
5 0.595215 0.471029 0.044922 0.081380
5 0.535889 0.452474 0.041504 0.045573
11 0.529297 0.509766 0.038086 0.065104
4 0.503174 0.477214 0.023926 0.037760
7 0.638672 0.427083 0.057617 0.058594
8 0.676514 0.494141 0.161621 0.082031
8 0.461670 0.465495 0.095215 0.125000
14 0.510010 0.429688 0.027832 0.058594
14 0.554688 0.491862 0.028320 0.063151
13 0.544922 0.417969 0.020508 0.035156
13 0.572510 0.426758 0.027832 0.052734
17 0.596680 0.482747 0.375977 0.229818
