9 0.452881 0.485352 0.038574 0.080078
9 0.541504 0.486003 0.038086 0.097005
5 0.491211 0.484701 0.038086 0.078776
5 0.468506 0.461914 0.019043 0.077474
11 0.547852 0.370443 0.036133 0.024740
4 0.503174 0.377930 0.039551 0.037109
4 0.469727 0.377930 0.027344 0.026693
7 0.590088 0.414714 0.048340 0.157552
8 0.400879 0.457682 0.098633 0.055990
8 0.336426 0.487630 0.147461 0.089844
14 0.544922 0.404948 0.042969 0.065104
13 0.492432 0.417969 0.039551 0.049479
13 0.468506 0.415365 0.014160 0.039062
17 0.468750 0.472005 0.420898 0.287760
