9 0.454590 0.453451 0.041992 0.098307
9 0.427002 0.448242 0.020996 0.057943
9 0.581299 0.411784 0.029785 0.050130
5 0.531250 0.454753 0.046875 0.097005
5 0.553467 0.410156 0.036621 0.037760
11 0.500977 0.411458 0.027344 0.076823
11 0.520508 0.357747 0.035156 0.025391
10 0.609131 0.432617 0.038574 0.123047
10 0.498047 0.495443 0.040039 0.071615
11 0.472168 0.387044 0.022461 0.033203
4 0.381348 0.478516 0.052734 0.065104
4 0.555176 0.384766 0.041016 0.032552
17 0.509521 0.466797 0.374512 0.244792
