9 0.543213 0.486003 0.041504 0.098307
9 0.581543 0.419922 0.031250 0.062500
9 0.418213 0.509440 0.041504 0.082682
5 0.459961 0.461589 0.044922 0.058594
5 0.461182 0.425456 0.038574 0.024089
11 0.413086 0.455729 0.044922 0.019531
11 0.506592 0.477865 0.031738 0.044271
4 0.584961 0.542318 0.069336 0.053385
4 0.391602 0.488281 0.013672 0.027344
7 0.605469 0.473307 0.093750 0.061198
14 0.508545 0.433268 0.045410 0.038411
14 0.480713 0.493815 0.047363 0.061849
13 0.497559 0.526367 0.052734 0.063151
13 0.366211 0.504883 0.042969 0.078776
17 0.482178 0.490234 0.401855 0.257812
