9 0.454346 0.501302 0.047363 0.106771
9 0.527588 0.444661 0.023926 0.062500
9 0.674805 0.485352 0.041016 0.106120
5 0.596924 0.453451 0.045410 0.060547
5 0.650391 0.455404 0.038086 0.073568
11 0.541504 0.541016 0.046875 0.117188
11 0.444336 0.441406 0.038086 0.033854
10 0.503174 0.469727 0.032715 0.107422
10 0.541016 0.407878 0.031250 0.059245
4 0.574463 0.587891 0.059082 0.071615
4 0.496094 0.549154 0.041992 0.073568
7 0.615967 0.511393 0.097168 0.068359
14 0.615479 0.544271 0.067871 0.092448
14 0.482422 0.478190 0.026367 0.078776
13 0.557617 0.453776 0.030273 0.045573
17 0.536621 0.520833 0.442383 0.298177
