9 0.617432 0.494141 0.036621 0.088542
9 0.553467 0.422201 0.036621 0.061849
9 0.447754 0.424805 0.033203 0.076172
4 0.484131 0.473307 0.052246 0.063802
4 0.399170 0.495117 0.063965 0.067057
11 0.447510 0.531250 0.050293 0.046875
11 0.523926 0.473958 0.026367 0.049479
4 0.506836 0.527995 0.055664 0.041667
4 0.612305 0.447266 0.033203 0.031250
7 0.511719 0.426107 0.046875 0.046224
14 0.564209 0.471029 0.050293 0.067057
14 0.427002 0.472331 0.052246 0.063151
13 0.581543 0.526042 0.041992 0.069010
17 0.496338 0.492513 0.383301 0.225911
