9 0.458008 0.479167 0.044922 0.088542
9 0.582520 0.492839 0.042969 0.110677
9 0.608643 0.424805 0.036621 0.037109
5 0.480713 0.463867 0.017090 0.082682
11 0.502930 0.486654 0.028320 0.098307
11 0.501465 0.407878 0.027344 0.065755
11 0.560547 0.471680 0.013672 0.108724
4 0.602295 0.387044 0.057129 0.043620
4 0.557129 0.386068 0.020508 0.040365
7 0.537842 0.454102 0.041504 0.182943
8 0.417969 0.404622 0.046875 0.050130
14 0.624512 0.470378 0.043945 0.077474
14 0.459961 0.400391 0.044922 0.067708
13 0.485840 0.403971 0.015625 0.057943
17 0.493164 0.477865 0.387695 0.244792
