9 0.499756 0.417318 0.032715 0.037760
9 0.487549 0.455729 0.036621 0.042969
9 0.569336 0.464193 0.033203 0.084635
5 0.451172 0.441732 0.027344 0.056641
5 0.466797 0.458659 0.029297 0.076172
11 0.577393 0.494141 0.029785 0.080729
11 0.586670 0.449544 0.027832 0.090495
4 0.617188 0.474284 0.040039 0.073568
7 0.529297 0.405599 0.036133 0.110677
14 0.534180 0.489258 0.044922 0.065755
14 0.550049 0.440430 0.020996 0.043620
13 0.486328 0.500326 0.055664 0.061849
13 0.434082 0.492188 0.041016 0.055990
17 0.520020 0.455078 0.355469 0.227865
