9 0.458008 0.471680 0.033203 0.083984
9 0.579102 0.509766 0.040039 0.105469
9 0.607178 0.407878 0.032715 0.050130
5 0.520508 0.440755 0.044922 0.071615
5 0.548340 0.429688 0.031250 0.065104
11 0.536377 0.506836 0.027832 0.124349
11 0.658936 0.479167 0.039551 0.072917
10 0.435303 0.430013 0.039551 0.094401
10 0.593018 0.478516 0.039551 0.126302
4 0.645508 0.516602 0.060547 0.072266
4 0.701172 0.509766 0.057617 0.058594
7 0.630127 0.448893 0.036621 0.052734
14 0.492920 0.509440 0.045410 0.063151
14 0.682129 0.462891 0.017578 0.052083
13 0.460205 0.494792 0.021973 0.053385
13 0.483887 0.447591 0.028320 0.043620
17 0.573730 0.499674 0.423828 0.272786
