9 0.577393 0.438477 0.040527 0.048828
9 0.551758 0.500977 0.040039 0.080078
9 0.475586 0.440430 0.038086 0.041016
5 0.454590 0.502604 0.055664 0.092448
5 0.504883 0.498698 0.048828 0.108073
11 0.551514 0.432943 0.016113 0.046875
11 0.610840 0.470052 0.031250 0.075521
4 0.506592 0.429688 0.017090 0.026042
7 0.531006 0.403646 0.048340 0.114583
14 0.581299 0.475911 0.043457 0.049479
13 0.525635 0.543945 0.048340 0.069661
13 0.591553 0.519206 0.050293 0.063151
17 0.512207 0.489258 0.412109 0.293620
