9 0.588135 0.494141 0.043457 0.092448
9 0.498047 0.439128 0.022461 0.086589
9 0.454834 0.476888 0.043457 0.094401
5 0.551514 0.455078 0.037598 0.049479
5 0.532227 0.439453 0.016602 0.061198
11 0.485840 0.460938 0.033203 0.078125
11 0.513672 0.447917 0.017578 0.098958
11 0.482422 0.383464 0.026367 0.071615
4 0.582520 0.429688 0.056641 0.040365
4 0.530762 0.396159 0.041016 0.034505
7 0.447754 0.387370 0.051758 0.095052
8 0.654053 0.446615 0.109863 0.118490
8 0.659424 0.428060 0.083496 0.112630
14 0.536377 0.509766 0.057129 0.084635
14 0.501465 0.367188 0.038086 0.062500
13 0.552002 0.424154 0.034668 0.057943
17 0.522949 0.449870 0.371094 0.268229
