9 0.445801 0.458659 0.038086 0.104818
5 0.513672 0.477865 0.055664 0.078125
5 0.550049 0.424805 0.027832 0.056641
11 0.625977 0.452474 0.035156 0.076823
11 0.581299 0.447917 0.045410 0.119792
11 0.548340 0.471680 0.022461 0.047526
10 0.402588 0.446615 0.036621 0.127604
10 0.451172 0.464844 0.071289 0.059896
4 0.510010 0.417318 0.052246 0.040365
4 0.604004 0.447917 0.008789 0.041667
5 0.430176 0.401367 0.038086 0.033203
10 0.508545 0.385417 0.025879 0.044271
11 0.474854 0.409180 0.025879 0.085286
17 0.508057 0.463867 0.376465 0.245443
