9 0.400879 0.430339 0.036133 0.048177
9 0.471436 0.532878 0.046387 0.097005
5 0.404297 0.494141 0.033203 0.092448
5 0.362793 0.492188 0.046875 0.084635
11 0.586426 0.480469 0.046875 0.118490
11 0.523926 0.439779 0.024414 0.082682
10 0.548340 0.434570 0.036133 0.100911
10 0.433838 0.519531 0.034668 0.141927
7 0.474854 0.470378 0.080566 0.077474
14 0.555420 0.513997 0.061035 0.090495
14 0.482422 0.440430 0.046875 0.052734
13 0.509766 0.533203 0.044922 0.062500
13 0.413086 0.541016 0.020508 0.055990
17 0.511963 0.511393 0.420410 0.259766
