9 0.473877 0.453451 0.036621 0.069661
9 0.567383 0.515951 0.048828 0.099609
9 0.652344 0.447917 0.040039 0.050781
5 0.506592 0.456055 0.036621 0.067057
5 0.577881 0.464193 0.045410 0.053385
11 0.525879 0.416667 0.033203 0.036458
11 0.598633 0.518229 0.024414 0.059896
11 0.513672 0.494792 0.041992 0.041667
4 0.428467 0.532878 0.041504 0.042318
4 0.607422 0.488932 0.020508 0.045573
7 0.509766 0.543620 0.123047 0.109375
8 0.635010 0.439779 0.105957 0.067057
8 0.404297 0.469076 0.097656 0.090495
14 0.645264 0.500326 0.057129 0.057943
14 0.534424 0.449219 0.020996 0.046875
13 0.628418 0.533203 0.051758 0.062500
13 0.558838 0.475911 0.034668 0.059896
17 0.546387 0.513021 0.418945 0.242188
