10 0.377686 0.357422 0.034668 0.111979
10 0.455811 0.329753 0.080566 0.055339
10 0.459229 0.375977 0.105957 0.048828
11 0.518799 0.322266 0.037598 0.066406
11 0.523926 0.401042 0.040039 0.104167
6 0.572754 0.426758 0.086914 0.034505
3 0.563965 0.376628 0.076172 0.089193
2 0.407471 0.361003 0.035645 0.064453
0 0.574219 0.368490 0.048828 0.066406
0 0.452393 0.429688 0.094238 0.082031
1 0.506592 0.393880 0.116699 0.042969
1 0.429932 0.429688 0.150879 0.028646
17 0.479980 0.385742 0.296875 0.224609
