10 0.588379 0.353516 0.067383 0.058594
10 0.498047 0.282878 0.033203 0.073568
10 0.487549 0.347982 0.048340 0.067057
11 0.400635 0.344076 0.034668 0.094401
11 0.544922 0.377279 0.042969 0.078776
6 0.405762 0.399089 0.031250 0.063802
3 0.529053 0.430990 0.212402 0.100260
2 0.546387 0.328451 0.052734 0.061849
0 0.444092 0.337240 0.067871 0.042969
0 0.506836 0.434570 0.095703 0.042318
1 0.440674 0.347331 0.041504 0.059245
1 0.474854 0.402344 0.022949 0.042969
17 0.500000 0.363281 0.292969 0.255208
