10 0.449219 0.370443 0.036133 0.158854
10 0.496338 0.333008 0.036621 0.150391
10 0.595215 0.392904 0.033203 0.120443
11 0.471924 0.298503 0.029785 0.067057
11 0.519043 0.410807 0.046875 0.104167
6 0.410889 0.344727 0.036621 0.033203
3 0.527588 0.332682 0.121582 0.104167
2 0.612549 0.377279 0.061035 0.068359
0 0.411133 0.395182 0.022461 0.059896
0 0.546387 0.347331 0.058594 0.042318
1 0.542725 0.346029 0.053223 0.021484
1 0.503662 0.357747 0.089355 0.018880
17 0.515869 0.362956 0.295410 0.238932
