10 0.492920 0.429688 0.059082 0.096354
10 0.535645 0.379232 0.087891 0.065755
10 0.619385 0.373047 0.035645 0.110677
11 0.445801 0.370443 0.038086 0.087240
11 0.532715 0.314453 0.033203 0.092448
6 0.487549 0.340495 0.061035 0.037760
3 0.428467 0.407878 0.104004 0.126953
2 0.574463 0.425781 0.079590 0.069010
0 0.581299 0.361003 0.025879 0.050130
0 0.418213 0.369141 0.036621 0.062500
1 0.477295 0.367188 0.040527 0.024740
1 0.598877 0.379232 0.104004 0.050130
17 0.523438 0.374674 0.315430 0.233724
