10 0.527588 0.356771 0.101074 0.045573
10 0.584473 0.306966 0.034180 0.078776
10 0.579590 0.401693 0.111328 0.053385
11 0.506592 0.387370 0.043457 0.096354
11 0.446045 0.307617 0.036621 0.082682
6 0.412598 0.369141 0.069336 0.041667
3 0.520264 0.424154 0.182129 0.104818
2 0.607422 0.361654 0.055664 0.057943
0 0.484131 0.339844 0.061035 0.023438
0 0.443604 0.416667 0.061035 0.050781
1 0.489258 0.344727 0.060547 0.025391
1 0.458252 0.385742 0.057129 0.030599
17 0.513428 0.375326 0.292480 0.228516
