10 0.473877 0.346354 0.036621 0.076823
10 0.461426 0.284180 0.026367 0.069661
10 0.574219 0.335938 0.031250 0.046875
11 0.553711 0.369141 0.040039 0.085938
11 0.399170 0.361654 0.034668 0.103516
6 0.428467 0.424154 0.041504 0.064453
3 0.529297 0.400065 0.189453 0.081380
2 0.511719 0.320964 0.051758 0.063802
0 0.409180 0.361003 0.091797 0.072266
0 0.534424 0.426432 0.088379 0.041667
1 0.418213 0.356445 0.014160 0.072266
1 0.480469 0.393555 0.059570 0.056641
17 0.485840 0.353516 0.286133 0.235677
