10 0.404297 0.304688 0.038086 0.134115
10 0.432129 0.398438 0.029297 0.114583
10 0.485840 0.322591 0.033203 0.151693
11 0.404297 0.375977 0.033203 0.091797
11 0.581543 0.328125 0.031250 0.093750
6 0.548340 0.348633 0.044922 0.061849
3 0.530518 0.362305 0.050293 0.194661
2 0.510254 0.430990 0.076172 0.091146
0 0.447998 0.348958 0.063965 0.028646
0 0.588379 0.405273 0.059570 0.050130
1 0.550049 0.377930 0.041504 0.056641
1 0.600586 0.411784 0.066406 0.097005
17 0.508301 0.371094 0.303711 0.276042
