10 0.506592 0.321615 0.034668 0.143229
10 0.548340 0.369141 0.033203 0.165365
10 0.615967 0.339193 0.028809 0.100260
11 0.419678 0.322266 0.035645 0.089844
11 0.586670 0.386719 0.041504 0.087240
6 0.404297 0.378255 0.058594 0.052083
3 0.485840 0.329753 0.109375 0.182943
2 0.581543 0.328451 0.040039 0.051432
0 0.458008 0.340169 0.064453 0.025391
0 0.451172 0.432292 0.088867 0.036458
1 0.459229 0.342773 0.049316 0.035807
1 0.430664 0.382161 0.076172 0.050781
17 0.509277 0.356771 0.288086 0.247396
