10 0.395264 0.305990 0.029785 0.088542
10 0.455811 0.357422 0.085449 0.076823
10 0.508545 0.328451 0.041504 0.072266
11 0.546631 0.338867 0.034668 0.082682
11 0.440430 0.390951 0.038086 0.110026
6 0.499512 0.437826 0.084961 0.055339
3 0.562256 0.383789 0.119629 0.095703
2 0.445801 0.329102 0.055664 0.056641
0 0.565674 0.401693 0.043457 0.062500
0 0.404297 0.391602 0.044922 0.100911
1 0.386963 0.388346 0.076660 0.039714
1 0.503418 0.398438 0.100586 0.026042
17 0.479980 0.371094 0.291992 0.230469
