10 0.456055 0.361654 0.098633 0.057943
10 0.478760 0.328451 0.065918 0.050130
10 0.377686 0.330078 0.034668 0.106771
11 0.478760 0.401042 0.042480 0.105469
11 0.532227 0.337891 0.030273 0.084635
6 0.538086 0.430990 0.095703 0.033854
3 0.558838 0.375326 0.104004 0.100911
2 0.414795 0.343099 0.045410 0.061198
0 0.416504 0.417318 0.057617 0.102865
0 0.579590 0.384766 0.029297 0.058594
1 0.398682 0.412109 0.118652 0.044271
1 0.498047 0.395508 0.140625 0.029297
17 0.478027 0.382812 0.300781 0.212240
