10 0.393799 0.313477 0.027832 0.077474
10 0.508545 0.260091 0.032715 0.089193
10 0.501465 0.321615 0.031250 0.140625
11 0.451172 0.324870 0.035156 0.076823
11 0.567383 0.392904 0.040039 0.103516
6 0.605469 0.399740 0.045898 0.037760
3 0.468506 0.365560 0.188965 0.121745
2 0.388672 0.378581 0.067383 0.070964
0 0.501465 0.438477 0.120117 0.068359
0 0.566895 0.362956 0.063477 0.057943
1 0.475586 0.440430 0.147461 0.068359
1 0.513916 0.415690 0.074707 0.030599
17 0.481934 0.352865 0.292969 0.295573
