10 0.428467 0.292318 0.025879 0.087240
10 0.461182 0.354818 0.058105 0.076823
10 0.536133 0.336589 0.029297 0.076823
11 0.413086 0.376628 0.040039 0.107422
11 0.553467 0.352214 0.043457 0.079427
6 0.459717 0.432943 0.063965 0.065104
3 0.546631 0.394206 0.150879 0.091797
2 0.483643 0.329102 0.043457 0.048828
0 0.388672 0.388346 0.042969 0.052734
0 0.558838 0.415039 0.065918 0.047526
1 0.389893 0.362956 0.035645 0.051432
1 0.484131 0.393555 0.095215 0.047526
17 0.486572 0.352865 0.291504 0.244792
