10 0.424561 0.346029 0.099121 0.041016
10 0.404297 0.384115 0.033203 0.115885
10 0.468018 0.385742 0.101074 0.068359
11 0.489014 0.329753 0.037598 0.070964
11 0.572754 0.385742 0.041992 0.098307
6 0.604004 0.390951 0.046875 0.048828
3 0.525879 0.367188 0.062500 0.078125
2 0.372803 0.392253 0.036621 0.083984
0 0.504883 0.434245 0.111328 0.062500
0 0.532715 0.349935 0.053711 0.043620
1 0.520020 0.389648 0.076172 0.073568
1 0.482422 0.447917 0.128906 0.058594
17 0.491211 0.389323 0.299805 0.229167
