10 0.513428 0.345052 0.076660 0.062500
10 0.543213 0.292318 0.027832 0.069010
10 0.591553 0.375326 0.093262 0.047526
11 0.418213 0.329102 0.043457 0.091797
11 0.529297 0.386719 0.042969 0.083333
6 0.402344 0.386068 0.051758 0.053385
3 0.528809 0.432292 0.218750 0.119792
2 0.580811 0.345378 0.058105 0.052734
0 0.468506 0.335612 0.085449 0.031901
0 0.473633 0.427409 0.087891 0.030599
1 0.463379 0.346680 0.053711 0.035807
1 0.461670 0.390951 0.029785 0.044922
17 0.504395 0.371745 0.289062 0.253906
