10 0.432129 0.394206 0.029297 0.124349
10 0.407715 0.305990 0.033203 0.135417
10 0.489258 0.322266 0.033203 0.145833
11 0.579590 0.333008 0.033203 0.089193
11 0.409424 0.375326 0.025879 0.087891
6 0.544922 0.340820 0.046875 0.056641
3 0.532471 0.354818 0.064941 0.212240
2 0.509766 0.431315 0.074219 0.078776
0 0.586426 0.405273 0.062500 0.055339
0 0.447754 0.348633 0.055664 0.031901
1 0.555664 0.374023 0.044922 0.059245
1 0.600098 0.412109 0.065430 0.084635
17 0.508301 0.365560 0.296875 0.270182
