2 0.5625 0.3902994791666667 0.076171875 0.09309895833333333
2 0.4716796875 0.24544270833333334 0.0859375 0.08854166666666667
7 0.46826171875 0.3460286458333333 0.052734375 0.11653645833333333
7 0.424072265625 0.3404947916666667 0.06787109375 0.1015625
10 0.526611328125 0.4388020833333333 0.08544921875 0.12239583333333333
11 0.496826171875 0.4449869791666667 0.05908203125 0.08268229166666667
11 0.495361328125 0.5149739583333334 0.12060546875 0.08072916666666667
11 0.420654296875 0.4153645833333333 0.04248046875 0.059895833333333336
13 0.466796875 0.4156901041666667 0.0400390625 0.06315104166666667
14 0.438232421875 0.4521484375 0.05224609375 0.06705729166666667
16 0.37109375 0.4205729166666667 0.0478515625 0.055989583333333336
17 0.45849609375 0.4365234375 0.3818359375 0.4524739583333333
