2 0.412109375 0.3082682291666667 0.0947265625 0.11783854166666667
2 0.364501953125 0.3763020833333333 0.06396484375 0.08854166666666667
7 0.41015625 0.3955078125 0.048828125 0.103515625
7 0.436767578125 0.4443359375 0.12744140625 0.18033854166666666
11 0.48828125 0.3577473958333333 0.05078125 0.047526041666666664
11 0.519287109375 0.3486328125 0.07275390625 0.08528645833333333
11 0.496337890625 0.4365234375 0.07373046875 0.072265625
14 0.521484375 0.3935546875 0.0400390625 0.06315104166666667
16 0.5302734375 0.47265625 0.06640625 0.053385416666666664
17 0.46630859375 0.4462890625 0.3837890625 0.4563802083333333
