1 0.728760 0.737305 0.050293 0.087891
2 0.525879 0.697917 0.076172 0.072917
3 0.505127 0.778646 0.182129 0.187500
3 0.692139 0.772461 0.194824 0.185547
7 0.577881 0.725586 0.047363 0.110026
9 0.562256 0.650065 0.036621 0.080078
10 0.619141 0.692708 0.048828 0.214844
11 0.642090 0.650391 0.029297 0.111979
13 0.680176 0.691081 0.040039 0.060547
13 0.513672 0.683919 0.046875 0.056641
15 0.666504 0.748698 0.046875 0.078125
16 0.506836 0.779948 0.033203 0.045573
17 0.593750 0.777018 0.364258 0.279297
