1 0.721680 0.792318 0.031250 0.131510
2 0.534424 0.682292 0.045410 0.067708
3 0.502686 0.751953 0.085449 0.183594
3 0.652588 0.829102 0.267090 0.151693
7 0.595215 0.714193 0.131836 0.087240
9 0.609131 0.646810 0.032715 0.078776
10 0.571045 0.705404 0.045410 0.211589
11 0.676758 0.667643 0.031250 0.115234
13 0.695557 0.731120 0.047363 0.063802
13 0.536377 0.661458 0.034668 0.046875
15 0.629883 0.769531 0.078125 0.066406
16 0.490723 0.746745 0.036133 0.046875
17 0.594727 0.774414 0.363281 0.276693
