2 0.406494140625 0.2838541666666667 0.09033203125 0.09635416666666667
2 0.44287109375 0.3427734375 0.0302734375 0.051432291666666664
7 0.4013671875 0.3645833333333333 0.0546875 0.09114583333333333
7 0.399169921875 0.4176432291666667 0.15869140625 0.11653645833333333
10 0.5009765625 0.349609375 0.1083984375 0.06901041666666667
11 0.47412109375 0.4427083333333333 0.072265625 0.078125
11 0.566650390625 0.3873697916666667 0.05029296875 0.09895833333333333
11 0.52001953125 0.3753255208333333 0.0576171875 0.07356770833333333
13 0.48486328125 0.3968098958333333 0.05078125 0.051432291666666664
14 0.528564453125 0.4248046875 0.05029296875 0.057942708333333336
16 0.47998046875 0.4908854166666667 0.0517578125 0.053385416666666664
17 0.492431640625 0.4309895833333333 0.37646484375 0.46875
