3 0.569580078125 0.4459635416666667 0.25732421875 0.15364583333333334
7 0.4814453125 0.5348307291666666 0.13671875 0.14518229166666666
8 0.582763671875 0.5094401041666666 0.11962890625 0.20377604166666666
10 0.466796875 0.4404296875 0.1416015625 0.107421875
10 0.563720703125 0.3655598958333333 0.05224609375 0.10872395833333333
11 0.467041015625 0.4781901041666667 0.07373046875 0.068359375
11 0.408203125 0.51171875 0.0712890625 0.10026041666666667
11 0.466552734375 0.4840494791666667 0.06689453125 0.06966145833333333
11 0.423583984375 0.5205078125 0.07568359375 0.115234375
17 0.527587890625 0.4983723958333333 0.38525390625 0.412109375
