2 0.488037109375 0.5960286458333334 0.10302734375 0.12044270833333333
2 0.578369140625 0.4111328125 0.07958984375 0.08528645833333333
7 0.57373046875 0.5094401041666666 0.0439453125 0.142578125
7 0.610107421875 0.4957682291666667 0.12158203125 0.13346354166666666
10 0.481689453125 0.5172526041666666 0.15380859375 0.08528645833333333
11 0.477783203125 0.4716796875 0.04150390625 0.044921875
11 0.421875 0.4641927083333333 0.0859375 0.07161458333333333
13 0.518798828125 0.486328125 0.04052734375 0.06380208333333333
14 0.498291015625 0.4388020833333333 0.04248046875 0.033854166666666664
17 0.521484375 0.5589192708333334 0.3173828125 0.4342447916666667
