1 0.485840 0.814128 0.114258 0.095703
2 0.657715 0.697266 0.073242 0.069010
3 0.631836 0.676758 0.194336 0.056641
3 0.464600 0.773438 0.119629 0.192708
7 0.599854 0.737305 0.060059 0.146484
9 0.669678 0.738607 0.047363 0.108724
10 0.529297 0.636393 0.042969 0.188151
11 0.586426 0.774089 0.051758 0.131510
13 0.668213 0.679688 0.045410 0.045573
13 0.532715 0.795247 0.048828 0.072266
15 0.527588 0.743164 0.074707 0.060547
16 0.612061 0.664062 0.032715 0.031250
17 0.597900 0.780599 0.369629 0.281250
