0 0.687256 0.765625 0.083496 0.062500
1 0.499512 0.714193 0.141602 0.024740
2 0.483887 0.736003 0.058594 0.070964
2 0.666504 0.694987 0.076172 0.077474
3 0.668213 0.682943 0.150879 0.126302
5 0.606934 0.719727 0.051758 0.089193
8 0.551514 0.675130 0.101074 0.095052
10 0.531006 0.721029 0.054199 0.212891
11 0.487793 0.700195 0.038086 0.070964
11 0.669434 0.768880 0.035156 0.143229
13 0.597168 0.653320 0.040039 0.059245
16 0.595215 0.797201 0.053711 0.046224
17 0.595703 0.773438 0.363281 0.274740
