7 0.598876953125 0.21061197916666666 0.06689453125 0.19856770833333334
7 0.577880859375 0.3870442708333333 0.05419921875 0.16341145833333334
8 0.645263671875 0.4820963541666667 0.11572265625 0.16861979166666666
10 0.5947265625 0.5205078125 0.0556640625 0.11393229166666667
11 0.505859375 0.4479166666666667 0.0478515625 0.06510416666666667
13 0.5576171875 0.4752604166666667 0.0537109375 0.08463541666666667
14 0.5126953125 0.5035807291666666 0.0498046875 0.06705729166666667
11 0.51513671875 0.4059244791666667 0.087890625 0.06315104166666667
16 0.4716796875 0.4436848958333333 0.0439453125 0.039713541666666664
17 0.5341796875 0.4309895833333333 0.341796875 0.6848958333333334
