2 0.471923828125 0.3349609375 0.06591796875 0.06315104166666667
2 0.416015625 0.2685546875 0.0869140625 0.09700520833333333
7 0.38720703125 0.3912760416666667 0.1494140625 0.07421875
7 0.4150390625 0.3395182291666667 0.056640625 0.07747395833333333
10 0.51123046875 0.3779296875 0.1259765625 0.06966145833333333
11 0.574951171875 0.4303385416666667 0.08251953125 0.09375
11 0.52099609375 0.3974609375 0.0458984375 0.07096354166666667
11 0.44970703125 0.4430338541666667 0.0732421875 0.076171875
13 0.485595703125 0.39453125 0.05517578125 0.061197916666666664
14 0.50732421875 0.4430338541666667 0.0537109375 0.064453125
16 0.43505859375 0.4889322916666667 0.0498046875 0.059895833333333336
17 0.449462890625 0.4440104166666667 0.35107421875 0.44921875
