7 0.517333984375 0.20377604166666666 0.07080078125 0.20833333333333334
7 0.510009765625 0.3880208333333333 0.05126953125 0.171875
8 0.58935546875 0.400390625 0.125 0.10546875
10 0.608642578125 0.4443359375 0.14794921875 0.07877604166666667
11 0.541259765625 0.4970703125 0.07666015625 0.076171875
13 0.569580078125 0.4544270833333333 0.05908203125 0.052083333333333336
14 0.6025390625 0.4905598958333333 0.0576171875 0.054036458333333336
11 0.443115234375 0.4833984375 0.06884765625 0.10481770833333333
16 0.509765625 0.5302734375 0.0439453125 0.051432291666666664
17 0.541015625 0.4215494791666667 0.283203125 0.6712239583333334
