7 0.508056640625 0.22428385416666666 0.05908203125 0.205078125
7 0.4990234375 0.4111328125 0.048828125 0.17643229166666666
8 0.52197265625 0.3792317708333333 0.146484375 0.08138020833333333
10 0.56640625 0.4114583333333333 0.1015625 0.08203125
11 0.574462890625 0.5016276041666666 0.07763671875 0.072265625
13 0.559326171875 0.4378255208333333 0.04345703125 0.048828125
14 0.609619140625 0.458984375 0.04052734375 0.05859375
11 0.48193359375 0.52734375 0.115234375 0.10286458333333333
16 0.5849609375 0.5403645833333334 0.0732421875 0.04296875
17 0.5458984375 0.4309895833333333 0.3369140625 0.65625
