0 0.624756 0.815430 0.099121 0.057943
1 0.537842 0.689779 0.041504 0.035807
2 0.658936 0.744141 0.080566 0.087240
2 0.529297 0.693034 0.053711 0.060547
3 0.709717 0.744141 0.088379 0.184896
5 0.591797 0.727865 0.058594 0.100260
8 0.596924 0.661458 0.092285 0.084635
10 0.482422 0.680990 0.044922 0.190104
11 0.557129 0.787760 0.038086 0.138021
11 0.520508 0.653971 0.044922 0.064453
13 0.657227 0.673503 0.048828 0.059245
16 0.525635 0.780273 0.027832 0.041016
17 0.603516 0.775065 0.370117 0.277995
