7 0.371826171875 0.6165364583333334 0.05029296875 0.14973958333333334
8 0.2998046875 0.71875 0.138671875 0.14192708333333334
8 0.393310546875 0.8111979166666666 0.19189453125 0.16927083333333334
10 0.42041015625 0.6666666666666666 0.0654296875 0.125
10 0.519775390625 0.7679036458333334 0.05517578125 0.19075520833333334
11 0.453857421875 0.7483723958333334 0.07666015625 0.09049479166666667
11 0.452880859375 0.7529296875 0.06982421875 0.07486979166666667
11 0.521484375 0.7060546875 0.0810546875 0.09309895833333333
11 0.494873046875 0.7223307291666666 0.06494140625 0.06966145833333333
17 0.396240234375 0.7643229166666666 0.39892578125 0.4479166666666667
