2 0.56005859375 0.486328125 0.0966796875 0.11588541666666667
2 0.51171875 0.2776692708333333 0.08203125 0.095703125
7 0.490234375 0.3483072916666667 0.123046875 0.0703125
7 0.5166015625 0.3746744791666667 0.0595703125 0.11783854166666667
10 0.46875 0.4723307291666667 0.1015625 0.11263020833333333
11 0.443115234375 0.3938802083333333 0.05517578125 0.0390625
11 0.4326171875 0.4505208333333333 0.068359375 0.055989583333333336
11 0.384521484375 0.4983723958333333 0.07373046875 0.11783854166666667
13 0.453125 0.41796875 0.0556640625 0.052083333333333336
14 0.402099609375 0.4222005208333333 0.04931640625 0.06705729166666667
16 0.40771484375 0.37109375 0.0390625 0.040364583333333336
17 0.45751953125 0.4449869791666667 0.3671875 0.435546875
