8 0.5458984375 0.3942057291666667 0.1357421875 0.095703125
8 0.447265625 0.3860677083333333 0.1259765625 0.07421875
10 0.5791015625 0.4580078125 0.1240234375 0.052734375
10 0.52685546875 0.4723307291666667 0.087890625 0.19986979166666666
11 0.472900390625 0.439453125 0.04833984375 0.07161458333333333
13 0.4111328125 0.484375 0.0615234375 0.078125
14 0.4775390625 0.505859375 0.0556640625 0.052083333333333336
11 0.586181640625 0.4986979166666667 0.04248046875 0.055989583333333336
16 0.486328125 0.552734375 0.0458984375 0.04296875
17 0.493408203125 0.5211588541666666 0.43212890625 0.4694010416666667
