7 0.56298828125 0.2060546875 0.060546875 0.20638020833333334
7 0.55078125 0.3815104166666667 0.0576171875 0.15494791666666666
8 0.636474609375 0.4293619791666667 0.12255859375 0.14127604166666666
10 0.61083984375 0.4837239583333333 0.09375 0.13932291666666666
11 0.50439453125 0.4765625 0.0390625 0.08723958333333333
13 0.55419921875 0.4602864583333333 0.052734375 0.049479166666666664
14 0.5546875 0.5146484375 0.05078125 0.072265625
11 0.47265625 0.4225260416666667 0.05859375 0.0703125
16 0.466064453125 0.486328125 0.05224609375 0.0625
17 0.553466796875 0.4059244791666667 0.31591796875 0.6529947916666666
