2 0.560546875 0.4375 0.091796875 0.10416666666666667
2 0.494873046875 0.2529296875 0.08349609375 0.07877604166666667
7 0.447265625 0.3362630208333333 0.0634765625 0.07356770833333333
7 0.491943359375 0.3424479166666667 0.04443359375 0.10026041666666667
10 0.479248046875 0.4557291666666667 0.05517578125 0.14322916666666666
11 0.4482421875 0.4440104166666667 0.068359375 0.08203125
11 0.408935546875 0.5074869791666666 0.10498046875 0.099609375
13 0.45263671875 0.4075520833333333 0.0634765625 0.044270833333333336
14 0.397216796875 0.4280598958333333 0.05029296875 0.06705729166666667
16 0.382568359375 0.3763020833333333 0.05712890625 0.0390625
17 0.4453125 0.4524739583333333 0.3525390625 0.4518229166666667
