2 0.52099609375 0.2998046875 0.0888671875 0.09309895833333333
2 0.50439453125 0.5201822916666666 0.103515625 0.11067708333333333
7 0.51416015625 0.4046223958333333 0.0439453125 0.14518229166666666
7 0.523193359375 0.3675130208333333 0.14501953125 0.091796875
10 0.434326171875 0.4749348958333333 0.14697265625 0.09049479166666667
11 0.40478515625 0.4169921875 0.06640625 0.051432291666666664
11 0.348876953125 0.4508463541666667 0.06201171875 0.10872395833333333
11 0.44921875 0.3850911458333333 0.05859375 0.055338541666666664
13 0.451171875 0.4163411458333333 0.0498046875 0.059244791666666664
14 0.40234375 0.3831380208333333 0.048828125 0.054036458333333336
16 0.451416015625 0.35546875 0.02880859375 0.033854166666666664
17 0.43994140625 0.4554036458333333 0.37109375 0.4407552083333333
