1 0.659424 0.837240 0.142090 0.091146
2 0.588379 0.665365 0.073242 0.049479
3 0.602295 0.837891 0.284668 0.128906
3 0.527588 0.720378 0.144043 0.112630
7 0.611084 0.721680 0.121582 0.070964
9 0.656006 0.651367 0.039551 0.074870
10 0.532715 0.691406 0.046875 0.204427
11 0.690430 0.707682 0.041992 0.115885
13 0.583252 0.652995 0.041504 0.049479
13 0.673340 0.775065 0.048828 0.065755
15 0.588379 0.782227 0.109375 0.064453
16 0.504395 0.706706 0.025391 0.039714
17 0.601318 0.777995 0.360840 0.276042
