0 0.621338 0.820964 0.099121 0.055990
1 0.539551 0.679688 0.040039 0.037760
2 0.648926 0.750326 0.069336 0.093099
2 0.529297 0.682943 0.051758 0.053385
3 0.704590 0.744141 0.104492 0.177083
5 0.589844 0.721354 0.052734 0.098958
8 0.597168 0.656576 0.086914 0.093099
10 0.485352 0.676432 0.049805 0.195312
11 0.551758 0.787109 0.033203 0.136719
11 0.523682 0.649740 0.050293 0.066406
13 0.661133 0.678385 0.046875 0.061198
16 0.525391 0.784180 0.030273 0.046224
17 0.596924 0.766276 0.367676 0.286458
