2 0.494384765625 0.26953125 0.06982421875 0.08463541666666667
2 0.57470703125 0.4290364583333333 0.08203125 0.109375
7 0.49072265625 0.3580729166666667 0.0458984375 0.10286458333333333
7 0.4482421875 0.3486328125 0.056640625 0.09440104166666667
10 0.5224609375 0.4599609375 0.0439453125 0.13216145833333334
11 0.472412109375 0.4573567708333333 0.06103515625 0.08919270833333333
11 0.4248046875 0.4108072916666667 0.0478515625 0.061197916666666664
13 0.462158203125 0.4293619791666667 0.05712890625 0.07356770833333333
14 0.421142578125 0.4505208333333333 0.05419921875 0.06510416666666667
16 0.384033203125 0.4065755208333333 0.05810546875 0.051432291666666664
17 0.49169921875 0.44140625 0.423828125 0.4088541666666667
