1 0.733643 0.737956 0.053223 0.081380
2 0.525879 0.704102 0.076172 0.077474
3 0.694092 0.758464 0.192871 0.186198
3 0.511963 0.769857 0.190918 0.190755
7 0.576172 0.727865 0.046875 0.114583
9 0.562500 0.652018 0.031250 0.087891
10 0.619385 0.698568 0.043457 0.210938
11 0.642090 0.649740 0.026367 0.110677
13 0.513672 0.689779 0.046875 0.054036
13 0.679932 0.691406 0.046387 0.065104
15 0.664307 0.745768 0.052246 0.103516
16 0.508301 0.779622 0.037109 0.048828
17 0.595703 0.777018 0.360352 0.267578
