9 0.52294921875 0.5413411458333334 0.033203125 0.083984375
5 0.46533203125 0.5455729166666666 0.0400390625 0.078125
6 0.410888671875 0.533203125 0.02783203125 0.059895833333333336
0 0.42333984375 0.6041666666666666 0.02734375 0.078125
2 0.506103515625 0.6246744791666666 0.06494140625 0.07747395833333333
14 0.923095703125 0.6715494791666666 0.06005859375 0.068359375
3 0.367919921875 0.6360677083333334 0.16650390625 0.16015625
4 0.58740234375 0.6246744791666666 0.03125 0.055338541666666664
4 0.56103515625 0.5387369791666666 0.044921875 0.047526041666666664
4 0.551025390625 0.6123046875 0.03759765625 0.052734375
2 0.916015625 0.75 0.0986328125 0.12369791666666667
8 0.18505859375 0.7037760416666666 0.146484375 0.13020833333333334
8 0.1884765625 0.6051432291666666 0.09765625 0.06966145833333333
13 0.257080078125 0.6041666666666666 0.03759765625 0.04296875
2 0.249755859375 0.6197916666666666 0.05615234375 0.06510416666666667
9 0.12060546875 0.6175130208333334 0.046875 0.057942708333333336
8 0.490234375 0.5052083333333334 0.0966796875 0.08854166666666667
17 0.47021484375 0.5963541666666666 0.326171875 0.3255208333333333
