9 0.521240234375 0.5859375 0.04541015625 0.109375
9 0.2255859375 0.4554036458333333 0.0302734375 0.052734375
5 0.56298828125 0.5364583333333334 0.0478515625 0.09505208333333333
2 0.443115234375 0.5305989583333334 0.07275390625 0.078125
6 0.6513671875 0.5315755208333334 0.1083984375 0.035807291666666664
3 0.542236328125 0.4625651041666667 0.22998046875 0.07486979166666667
4 0.52294921875 0.6770833333333334 0.060546875 0.06901041666666667
4 0.443603515625 0.5934244791666666 0.05712890625 0.054036458333333336
4 0.394775390625 0.623046875 0.05908203125 0.07161458333333333
8 0.62548828125 0.609375 0.1611328125 0.15494791666666666
8 0.273193359375 0.5328776041666666 0.12744140625 0.099609375
8 0.2783203125 0.4521484375 0.080078125 0.076171875
13 0.348388671875 0.4554036458333333 0.03759765625 0.050130208333333336
2 0.340087890625 0.4651692708333333 0.05419921875 0.060546875
17 0.518310546875 0.5826822916666666 0.38720703125 0.3463541666666667
