6 0.352294921875 0.7057291666666666 0.08935546875 0.11328125
2 0.495361328125 0.4970703125 0.06689453125 0.07877604166666667
0 0.480712890625 0.5735677083333334 0.08349609375 0.057291666666666664
14 0.321533203125 0.6142578125 0.05810546875 0.07486979166666667
13 0.322021484375 0.61328125 0.05810546875 0.07421875
5 0.4111328125 0.5983072916666666 0.044921875 0.09895833333333333
3 0.56494140625 0.6474609375 0.146484375 0.255859375
0 0.486572265625 0.6305338541666666 0.08935546875 0.076171875
9 0.393798828125 0.5289713541666666 0.03857421875 0.06705729166666667
4 0.322998046875 0.5559895833333334 0.03662109375 0.045572916666666664
4 0.421142578125 0.48046875 0.03564453125 0.041666666666666664
11 0.369873046875 0.5032552083333334 0.02587890625 0.06770833333333333
1 0.411376953125 0.5774739583333334 0.04443359375 0.15234375
17 0.45654296875 0.6149088541666666 0.390625 0.3743489583333333
