11 0.55419921875 0.7024739583333334 0.0771484375 0.07682291666666667
9 0.408203125 0.671875 0.0595703125 0.1171875
13 0.497802734375 0.6061197916666666 0.05126953125 0.06380208333333333
1 0.600341796875 0.685546875 0.13134765625 0.09635416666666667
9 0.172607421875 0.6282552083333334 0.03564453125 0.0625
8 0.151123046875 0.6845703125 0.14208984375 0.07747395833333333
3 0.623779296875 0.6236979166666666 0.22802734375 0.13020833333333334
3 0.36083984375 0.6341145833333334 0.1923828125 0.13541666666666666
2 0.9384765625 0.7395833333333334 0.123046875 0.11588541666666667
4 0.95263671875 0.7018229166666666 0.0810546875 0.059895833333333336
10 0.2490234375 0.5862630208333334 0.0302734375 0.055338541666666664
9 0.208984375 0.6373697916666666 0.037109375 0.07161458333333333
8 0.27001953125 0.6380208333333334 0.0908203125 0.06380208333333333
2 0.290283203125 0.5914713541666666 0.05126953125 0.033203125
17 0.511474609375 0.685546875 0.46337890625 0.2955729166666667
