13 0.435302734375 0.63671875 0.05615234375 0.07291666666666667
9 0.57861328125 0.6533203125 0.0546875 0.123046875
3 0.427490234375 0.5999348958333334 0.27880859375 0.068359375
1 0.56103515625 0.6129557291666666 0.1591796875 0.06315104166666667
9 0.172119140625 0.6285807291666666 0.03466796875 0.06315104166666667
3 0.385986328125 0.7532552083333334 0.32763671875 0.15234375
2 0.9443359375 0.7399088541666666 0.111328125 0.123046875
4 0.95361328125 0.7001953125 0.0927734375 0.056640625
9 0.2109375 0.6389973958333334 0.04296875 0.076171875
8 0.155517578125 0.685546875 0.13623046875 0.08072916666666667
11 0.60546875 0.6126302083333334 0.041015625 0.044270833333333336
17 0.48291015625 0.6806640625 0.4501953125 0.2532552083333333
