9 0.44775390625 0.6136067708333334 0.037109375 0.08919270833333333
6 0.47021484375 0.5305989583333334 0.052734375 0.041666666666666664
5 0.429931640625 0.5719401041666666 0.03759765625 0.08138020833333333
14 0.822998046875 0.6354166666666666 0.05322265625 0.0625
3 0.35888671875 0.5598958333333334 0.1455078125 0.1484375
3 0.3212890625 0.5787760416666666 0.193359375 0.09114583333333333
4 0.49267578125 0.6676432291666666 0.033203125 0.072265625
4 0.385986328125 0.6806640625 0.03955078125 0.061848958333333336
4 0.377685546875 0.7298177083333334 0.05419921875 0.052083333333333336
8 0.30908203125 0.689453125 0.134765625 0.1328125
8 0.086669921875 0.759765625 0.17236328125 0.15364583333333334
13 0.16357421875 0.6442057291666666 0.0439453125 0.055338541666666664
2 0.1572265625 0.654296875 0.06640625 0.0703125
8 0.7333984375 0.6481119791666666 0.1044921875 0.09440104166666667
2 0.74169921875 0.7255859375 0.078125 0.09440104166666667
2 0.818115234375 0.7138671875 0.07666015625 0.11002604166666667
0 0.7666015625 0.7102864583333334 0.0986328125 0.06380208333333333
17 0.396240234375 0.642578125 0.33837890625 0.3125
