2 0.44482421875 0.5498046875 0.060546875 0.060546875
9 0.410888671875 0.6041666666666666 0.04541015625 0.08854166666666667
6 0.548828125 0.6936848958333334 0.0458984375 0.099609375
0 0.441650390625 0.5279947916666666 0.02587890625 0.06901041666666667
14 0.923583984375 0.6705729166666666 0.05908203125 0.06770833333333333
3 0.561279296875 0.5875651041666666 0.13232421875 0.15299479166666666
5 0.475830078125 0.6083984375 0.04443359375 0.07096354166666667
8 0.443603515625 0.6852213541666666 0.12353515625 0.119140625
4 0.364990234375 0.6617838541666666 0.05419921875 0.052734375
4 0.3681640625 0.5621744791666666 0.033203125 0.047526041666666664
0 0.525634765625 0.6044921875 0.02587890625 0.08138020833333333
2 0.91455078125 0.7493489583333334 0.09375 0.10807291666666667
8 0.1796875 0.7027994791666666 0.1357421875 0.12044270833333333
8 0.182373046875 0.6002604166666666 0.09130859375 0.08203125
9 0.118408203125 0.6155598958333334 0.04248046875 0.046223958333333336
2 0.250732421875 0.6168619791666666 0.06201171875 0.076171875
13 0.256591796875 0.6022135416666666 0.03662109375 0.046875
17 0.478515625 0.6363932291666666 0.326171875 0.287109375
