5 0.40380859375 0.5445963541666666 0.0517578125 0.09309895833333333
9 0.4462890625 0.494140625 0.044921875 0.10026041666666667
0 0.410888671875 0.6321614583333334 0.08642578125 0.06770833333333333
2 0.524169921875 0.5621744791666666 0.07958984375 0.091796875
14 0.898193359375 0.5813802083333334 0.06396484375 0.06901041666666667
6 0.3291015625 0.5572916666666666 0.0947265625 0.032552083333333336
4 0.56201171875 0.50390625 0.046875 0.049479166666666664
3 0.41748046875 0.728515625 0.3046875 0.13020833333333334
8 0.363525390625 0.5003255208333334 0.12158203125 0.09830729166666667
17 0.446533203125 0.6162109375 0.36865234375 0.3548177083333333
