13 0.5390625 0.4928385416666667 0.0498046875 0.06640625
5 0.396728515625 0.4759114583333333 0.04638671875 0.08854166666666667
9 0.44873046875 0.4983723958333333 0.0439453125 0.08268229166666667
0 0.476318359375 0.5849609375 0.04052734375 0.064453125
6 0.48681640625 0.48046875 0.0283203125 0.07291666666666667
0 0.450927734375 0.6611328125 0.08154296875 0.037109375
2 0.436767578125 0.6536458333333334 0.08447265625 0.09765625
9 0.43408203125 0.5455729166666666 0.0400390625 0.07552083333333333
6 0.43359375 0.5455729166666666 0.0400390625 0.07552083333333333
3 0.34326171875 0.6253255208333334 0.09765625 0.228515625
4 0.590576171875 0.5546875 0.05224609375 0.0625
4 0.557861328125 0.6770833333333334 0.04638671875 0.07161458333333333
17 0.467529296875 0.6077473958333334 0.36865234375 0.376953125
