5 0.43701171875 0.6591796875 0.056640625 0.130859375
6 0.37939453125 0.6416015625 0.0625 0.052734375
10 0.190673828125 0.7180989583333334 0.03662109375 0.12109375
7 0.771728515625 0.53515625 0.05126953125 0.17057291666666666
5 0.3212890625 0.642578125 0.07421875 0.10286458333333333
10 0.49755859375 0.6881510416666666 0.0712890625 0.24869791666666666
5 0.663330078125 0.6513671875 0.10693359375 0.099609375
11 0.82666015625 0.6442057291666666 0.0615234375 0.048828125
5 0.572509765625 0.7001953125 0.07373046875 0.15690104166666666
9 0.901611328125 0.6341145833333334 0.05908203125 0.1015625
2 0.636474609375 0.5784505208333334 0.07568359375 0.068359375
9 0.771484375 0.5361328125 0.052734375 0.169921875
11 0.901611328125 0.6341145833333334 0.05908203125 0.1015625
2 0.662109375 0.6510416666666666 0.1064453125 0.09895833333333333
14 0.85595703125 0.5647786458333334 0.0556640625 0.050130208333333336
5 0.4609375 0.5598958333333334 0.048828125 0.07942708333333333
0 0.54052734375 0.5836588541666666 0.06640625 0.037109375
2 0.829833984375 0.5947265625 0.08837890625 0.059244791666666664
2 0.965576171875 0.6223958333333334 0.06884765625 0.07552083333333333
4 0.982666015625 0.5576171875 0.03466796875 0.041015625
8 0.08154296875 0.8662109375 0.162109375 0.181640625
8 0.1142578125 0.7034505208333334 0.1171875 0.11653645833333333
9 0.047119140625 0.7535807291666666 0.06005859375 0.055338541666666664
17 0.519287109375 0.6966145833333334 0.48095703125 0.3958333333333333
