6 0.399658203125 0.7373046875 0.04150390625 0.11783854166666667
9 0.316650390625 0.6048177083333334 0.04736328125 0.10286458333333333
14 0.82373046875 0.6354166666666666 0.0537109375 0.0625
5 0.370849609375 0.6298828125 0.04443359375 0.08528645833333333
4 0.265380859375 0.6389973958333334 0.04345703125 0.056640625
4 0.321044921875 0.5455729166666666 0.04248046875 0.041666666666666664
4 0.349853515625 0.568359375 0.04248046875 0.04296875
8 0.395751953125 0.5266927083333334 0.10498046875 0.08463541666666667
3 0.486572265625 0.6090494791666666 0.11865234375 0.185546875
3 0.515625 0.6494140625 0.1328125 0.205078125
8 0.0810546875 0.7578125 0.1611328125 0.15885416666666666
13 0.16455078125 0.6432291666666666 0.0390625 0.05078125
2 0.158447265625 0.6585286458333334 0.07470703125 0.076171875
8 0.730712890625 0.646484375 0.10791015625 0.08854166666666667
2 0.7392578125 0.7272135416666666 0.0810546875 0.09114583333333333
2 0.81640625 0.7109375 0.078125 0.109375
0 0.771728515625 0.7109375 0.09423828125 0.06770833333333333
17 0.397705078125 0.6516927083333334 0.35205078125 0.3033854166666667
