9 0.38427734375 0.642578125 0.0576171875 0.11067708333333333
13 0.531005859375 0.6097005208333334 0.05322265625 0.06315104166666667
11 0.47021484375 0.7180989583333334 0.05078125 0.08463541666666667
9 0.172607421875 0.6285807291666666 0.03564453125 0.061848958333333336
9 0.841552734375 0.0732421875 0.04150390625 0.14518229166666666
3 0.620849609375 0.6748046875 0.14013671875 0.18684895833333334
1 0.535400390625 0.7236328125 0.02490234375 0.138671875
3 0.4248046875 0.5930989583333334 0.205078125 0.08854166666666667
8 0.15185546875 0.6881510416666666 0.1318359375 0.07552083333333333
9 0.209716796875 0.6416015625 0.04345703125 0.080078125
8 0.2724609375 0.6380208333333334 0.1025390625 0.07682291666666667
2 0.289794921875 0.5979817708333334 0.06201171875 0.038411458333333336
10 0.247802734375 0.5852864583333334 0.02978515625 0.0625
2 0.9423828125 0.7509765625 0.115234375 0.11263020833333333
4 0.952392578125 0.7008463541666666 0.08349609375 0.061848958333333336
17 0.513671875 0.697265625 0.4482421875 0.265625
