9 0.497802734375 0.6090494791666666 0.04443359375 0.10481770833333333
14 0.898193359375 0.5817057291666666 0.06298828125 0.06966145833333333
5 0.50341796875 0.5491536458333334 0.0478515625 0.09830729166666667
3 0.43212890625 0.513671875 0.2216796875 0.11588541666666667
2 0.38427734375 0.6022135416666666 0.078125 0.08854166666666667
0 0.363037109375 0.6002604166666666 0.08349609375 0.06770833333333333
4 0.37841796875 0.7161458333333334 0.06640625 0.06380208333333333
4 0.408203125 0.6604817708333334 0.05078125 0.055338541666666664
4 0.53759765625 0.6956380208333334 0.060546875 0.07356770833333333
8 0.588623046875 0.5807291666666666 0.13720703125 0.15625
17 0.477294921875 0.623046875 0.39306640625 0.3489583333333333
