9 0.447021484375 0.6399739583333334 0.04931640625 0.09895833333333333
0 0.4287109375 0.5813802083333334 0.0498046875 0.09114583333333333
0 0.362060546875 0.5830078125 0.07958984375 0.038411458333333336
14 0.337646484375 0.6520182291666666 0.06396484375 0.080078125
5 0.513916015625 0.6803385416666666 0.05517578125 0.11067708333333333
11 0.468017578125 0.5891927083333334 0.04052734375 0.08463541666666667
13 0.337158203125 0.6516927083333334 0.06494140625 0.08072916666666667
6 0.39599609375 0.7298177083333334 0.025390625 0.1328125
2 0.444091796875 0.4899088541666667 0.06201171875 0.07747395833333333
4 0.377685546875 0.4977213541666667 0.04150390625 0.051432291666666664
4 0.404052734375 0.5345052083333334 0.03173828125 0.049479166666666664
3 0.558349609375 0.5817057291666666 0.09130859375 0.205078125
17 0.45458984375 0.6341145833333334 0.388671875 0.37109375
