9 0.40380859375 0.6103515625 0.052734375 0.099609375
11 0.4013671875 0.6988932291666666 0.076171875 0.07486979166666667
1 0.454345703125 0.7278645833333334 0.14404296875 0.12369791666666667
9 0.170654296875 0.6282552083333334 0.03564453125 0.059895833333333336
9 0.205078125 0.6324869791666666 0.0341796875 0.072265625
8 0.616455078125 0.615234375 0.12939453125 0.22526041666666666
13 0.55078125 0.626953125 0.0556640625 0.06901041666666667
3 0.479736328125 0.603515625 0.11083984375 0.06510416666666667
4 0.951904296875 0.6969401041666666 0.08935546875 0.061848958333333336
2 0.947021484375 0.7412109375 0.10595703125 0.12174479166666667
8 0.15478515625 0.6845703125 0.1455078125 0.076171875
8 0.28125 0.6432291666666666 0.11328125 0.078125
10 0.246826171875 0.5885416666666666 0.02978515625 0.059895833333333336
2 0.2919921875 0.5950520833333334 0.05859375 0.033854166666666664
17 0.5205078125 0.6803385416666666 0.44921875 0.2890625
