9 0.367431640625 0.5615234375 0.03955078125 0.08658854166666667
5 0.309326171875 0.6412760416666666 0.04638671875 0.08984375
9 0.323486328125 0.5380859375 0.03662109375 0.08138020833333333
9 0.279296875 0.6110026041666666 0.03125 0.07747395833333333
14 0.822021484375 0.6354166666666666 0.05419921875 0.061197916666666664
8 0.486572265625 0.5856119791666666 0.08544921875 0.091796875
8 0.387939453125 0.6682942708333334 0.15966796875 0.123046875
4 0.4013671875 0.5240885416666666 0.033203125 0.03515625
4 0.443603515625 0.5227864583333334 0.03857421875 0.037760416666666664
4 0.42529296875 0.556640625 0.037109375 0.055989583333333336
17 0.387939453125 0.6500651041666666 0.32666015625 0.341796875
