9 0.34326171875 0.5950520833333334 0.0419921875 0.08984375
9 0.275390625 0.6207682291666666 0.044921875 0.091796875
5 0.3935546875 0.666015625 0.0400390625 0.08984375
9 0.33251953125 0.6842447916666666 0.04296875 0.08463541666666667
6 0.2822265625 0.697265625 0.0703125 0.059895833333333336
14 0.82275390625 0.6344401041666666 0.052734375 0.061848958333333336
8 0.41845703125 0.53515625 0.111328125 0.08203125
8 0.477294921875 0.6129557291666666 0.14306640625 0.13997395833333334
4 0.333984375 0.5380859375 0.0478515625 0.031901041666666664
8 0.729736328125 0.6494140625 0.10205078125 0.09440104166666667
2 0.737060546875 0.7252604166666666 0.08349609375 0.08723958333333333
2 0.819091796875 0.7115885416666666 0.07861328125 0.10807291666666667
4 0.299560546875 0.5719401041666666 0.03564453125 0.047526041666666664
17 0.3837890625 0.6510416666666666 0.3388671875 0.34375
