10 0.349609375 0.5768229166666666 0.056640625 0.16666666666666666
6 0.45458984375 0.6617838541666666 0.1025390625 0.054036458333333336
10 0.19140625 0.7171223958333334 0.03515625 0.12044270833333333
2 0.55615234375 0.6129557291666666 0.0859375 0.083984375
9 0.901123046875 0.6331380208333334 0.05712890625 0.099609375
11 0.827880859375 0.6448567708333334 0.06396484375 0.044921875
0 0.39404296875 0.7698567708333334 0.0927734375 0.06966145833333333
7 0.77099609375 0.5348307291666666 0.05078125 0.169921875
0 0.470703125 0.7161458333333334 0.109375 0.07161458333333333
6 0.622314453125 0.6575520833333334 0.09912109375 0.13020833333333334
2 0.41162109375 0.5849609375 0.08203125 0.06966145833333333
2 0.964599609375 0.6201171875 0.07080078125 0.080078125
2 0.828857421875 0.5947265625 0.08642578125 0.068359375
5 0.90576171875 0.5540364583333334 0.052734375 0.06901041666666667
14 0.85205078125 0.556640625 0.048828125 0.044270833333333336
1 0.6376953125 0.6217447916666666 0.0615234375 0.033854166666666664
11 0.49072265625 0.56640625 0.0517578125 0.10807291666666667
4 0.322021484375 0.6038411458333334 0.03857421875 0.057942708333333336
4 0.321533203125 0.6451822916666666 0.06005859375 0.041666666666666664
4 0.320556640625 0.6800130208333334 0.03955078125 0.033203125
8 0.11572265625 0.7083333333333334 0.125 0.10677083333333333
8 0.08349609375 0.8655598958333334 0.166015625 0.17513020833333334
17 0.49072265625 0.7001953125 0.4404296875 0.361328125
