9 0.59033203125 0.4602864583333333 0.0390625 0.09375
5 0.53759765625 0.4944661458333333 0.046875 0.087890625
2 0.643310546875 0.5442708333333334 0.07763671875 0.08463541666666667
0 0.52294921875 0.576171875 0.064453125 0.0859375
6 0.447265625 0.5152994791666666 0.076171875 0.054036458333333336
3 0.522216796875 0.6393229166666666 0.25341796875 0.15104166666666666
4 0.70166015625 0.5074869791666666 0.0458984375 0.059244791666666664
8 0.519287109375 0.4440104166666667 0.11083984375 0.08723958333333333
8 0.33740234375 0.5100911458333334 0.11328125 0.09830729166666667
8 0.35205078125 0.4283854166666667 0.08203125 0.0625
9 0.29443359375 0.4290364583333333 0.03125 0.046875
13 0.4130859375 0.4404296875 0.033203125 0.052734375
2 0.406005859375 0.4485677083333333 0.05322265625 0.061197916666666664
17 0.57958984375 0.5647786458333334 0.34375 0.357421875
