5 0.310546875 0.5706380208333334 0.0556640625 0.09440104166666667
9 0.378662109375 0.544921875 0.04345703125 0.08333333333333333
14 0.42578125 0.4791666666666667 0.0498046875 0.06380208333333333
0 0.50537109375 0.5218098958333334 0.07421875 0.047526041666666664
0 0.468505859375 0.5677083333333334 0.05908203125 0.046875
11 0.418701171875 0.5690104166666666 0.04150390625 0.07682291666666667
13 0.42578125 0.4791666666666667 0.0498046875 0.06380208333333333
11 0.418701171875 0.5693359375 0.04150390625 0.07747395833333333
3 0.398193359375 0.6943359375 0.23291015625 0.16471354166666666
2 0.548583984375 0.578125 0.07177734375 0.10677083333333333
4 0.58642578125 0.5400390625 0.0458984375 0.06315104166666667
6 0.356689453125 0.5166015625 0.09130859375 0.033203125
4 0.498046875 0.48046875 0.0458984375 0.052083333333333336
17 0.451904296875 0.6100260416666666 0.37060546875 0.3776041666666667
