9 0.532470703125 0.5690104166666666 0.04345703125 0.09114583333333333
2 0.462158203125 0.7265625 0.12255859375 0.12239583333333333
2 0.42724609375 0.634765625 0.087890625 0.0859375
1 0.355712890625 0.6910807291666666 0.09130859375 0.08268229166666667
14 0.531005859375 0.6549479166666666 0.06103515625 0.0703125
11 0.45654296875 0.603515625 0.0634765625 0.045572916666666664
9 0.17236328125 0.6285807291666666 0.0341796875 0.06315104166666667
4 0.639404296875 0.6223958333333334 0.07275390625 0.07682291666666667
4 0.64404296875 0.6735026041666666 0.0693359375 0.051432291666666664
4 0.64599609375 0.7220052083333334 0.0634765625 0.06770833333333333
0 0.57666015625 0.6223958333333334 0.046875 0.048177083333333336
9 0.208740234375 0.6350911458333334 0.03662109375 0.07356770833333333
8 0.152587890625 0.6826171875 0.13232421875 0.09440104166666667
8 0.281982421875 0.6376953125 0.11181640625 0.08138020833333333
10 0.2451171875 0.5885416666666666 0.0361328125 0.05859375
2 0.946533203125 0.6819661458333334 0.10693359375 0.09830729166666667
6 0.956787109375 0.6705729166666666 0.08642578125 0.053385416666666664
17 0.52197265625 0.7154947916666666 0.4990234375 0.3229166666666667
