9 0.60888671875 0.5862630208333334 0.048828125 0.10091145833333333
2 0.443359375 0.6119791666666666 0.0791015625 0.08203125
0 0.6650390625 0.6923828125 0.08203125 0.09440104166666667
0 0.597900390625 0.6598307291666666 0.06103515625 0.048828125
11 0.537841796875 0.59765625 0.04150390625 0.05078125
9 0.172119140625 0.62890625 0.03466796875 0.061197916666666664
2 0.34521484375 0.6907552083333334 0.107421875 0.10807291666666667
4 0.498046875 0.6783854166666666 0.0703125 0.061197916666666664
4 0.505859375 0.7317708333333334 0.0595703125 0.06510416666666667
4 0.494384765625 0.783203125 0.07373046875 0.0625
2 0.947509765625 0.6819661458333334 0.10498046875 0.10091145833333333
6 0.957763671875 0.6712239583333334 0.08447265625 0.04296875
9 0.207275390625 0.6354166666666666 0.04345703125 0.06640625
8 0.151611328125 0.6881510416666666 0.13232421875 0.09114583333333333
8 0.27734375 0.6370442708333334 0.1005859375 0.07747395833333333
10 0.247314453125 0.587890625 0.04052734375 0.06770833333333333
17 0.529296875 0.7180989583333334 0.517578125 0.3645833333333333
