9 0.39404296875 0.5543619791666666 0.0361328125 0.083984375
5 0.301513671875 0.5960286458333334 0.04248046875 0.07877604166666667
9 0.3134765625 0.5602213541666666 0.0400390625 0.06966145833333333
14 0.822509765625 0.6344401041666666 0.05419921875 0.061848958333333336
6 0.345703125 0.5478515625 0.0322265625 0.061848958333333336
9 0.384033203125 0.5166015625 0.03759765625 0.08658854166666667
8 0.476806640625 0.6389973958333334 0.14013671875 0.12565104166666666
8 0.338623046875 0.6630859375 0.17724609375 0.119140625
4 0.461669921875 0.5358072916666666 0.03564453125 0.041666666666666664
4 0.499267578125 0.5572916666666666 0.04150390625 0.04296875
4 0.45751953125 0.5738932291666666 0.0458984375 0.034505208333333336
17 0.38330078125 0.6285807291666666 0.34765625 0.310546875
