5 0.3251953125 0.5358072916666666 0.052734375 0.09375
9 0.392333984375 0.5276692708333334 0.03759765625 0.08528645833333333
13 0.46142578125 0.4729817708333333 0.048828125 0.064453125
0 0.4736328125 0.5693359375 0.0478515625 0.054036458333333336
9 0.420166015625 0.5615234375 0.03857421875 0.076171875
14 0.461181640625 0.4729817708333333 0.04833984375 0.064453125
3 0.36083984375 0.6979166666666666 0.1787109375 0.20442708333333334
2 0.51416015625 0.6279296875 0.076171875 0.10091145833333333
0 0.54736328125 0.603515625 0.0654296875 0.06380208333333333
4 0.533203125 0.4860026041666667 0.0478515625 0.041015625
4 0.598388671875 0.5817057291666666 0.04052734375 0.060546875
4 0.5380859375 0.5712890625 0.05078125 0.051432291666666664
6 0.39453125 0.4947916666666667 0.080078125 0.045572916666666664
17 0.45556640625 0.6061197916666666 0.3720703125 0.3697916666666667
