13 0.498779296875 0.6067708333333334 0.05126953125 0.061197916666666664
11 0.455322265625 0.7220052083333334 0.05419921875 0.08333333333333333
9 0.368408203125 0.6741536458333334 0.06103515625 0.11783854166666667
1 0.60791015625 0.689453125 0.16015625 0.078125
9 0.171875 0.6279296875 0.033203125 0.060546875
4 0.47216796875 0.53125 0.0478515625 0.04296875
4 0.476806640625 0.5693359375 0.04248046875 0.035807291666666664
2 0.614013671875 0.5465494791666666 0.07177734375 0.076171875
2 0.61962890625 0.6051432291666666 0.091796875 0.060546875
0 0.414794921875 0.6393229166666666 0.04150390625 0.06510416666666667
8 0.26953125 0.6396484375 0.1015625 0.07486979166666667
8 0.150634765625 0.6868489583333334 0.13427734375 0.08854166666666667
9 0.20703125 0.634765625 0.03515625 0.06510416666666667
2 0.947021484375 0.6845703125 0.10595703125 0.11783854166666667
6 0.96142578125 0.6722005208333334 0.0771484375 0.044921875
17 0.509521484375 0.6868489583333334 0.44677734375 0.3046875
