9 0.451904296875 0.4990234375 0.04248046875 0.08138020833333333
5 0.400634765625 0.474609375 0.04541015625 0.08854166666666667
0 0.54931640625 0.58984375 0.095703125 0.0546875
6 0.491943359375 0.4814453125 0.02490234375 0.07356770833333333
13 0.543212890625 0.49609375 0.05126953125 0.06640625
4 0.59423828125 0.5569661458333334 0.0458984375 0.059244791666666664
14 0.542724609375 0.49609375 0.05126953125 0.06640625
0 0.475830078125 0.5797526041666666 0.04736328125 0.052734375
3 0.35009765625 0.6155598958333334 0.1337890625 0.22591145833333334
4 0.552001953125 0.6806640625 0.05224609375 0.061848958333333336
2 0.46630859375 0.6549479166666666 0.0859375 0.11067708333333333
11 0.436279296875 0.5442708333333334 0.03662109375 0.06901041666666667
17 0.464111328125 0.6064453125 0.36669921875 0.3743489583333333
