10 0.5771484375 0.654296875 0.0625 0.22395833333333334
2 0.444580078125 0.615234375 0.08154296875 0.08333333333333333
7 0.770751953125 0.5358072916666666 0.05029296875 0.17317708333333334
10 0.19091796875 0.7180989583333334 0.033203125 0.12109375
6 0.51318359375 0.66015625 0.0703125 0.02734375
11 0.82666015625 0.6438802083333334 0.0615234375 0.046875
8 0.110595703125 0.7014973958333334 0.11865234375 0.11263020833333333
8 0.0830078125 0.8590494791666666 0.1650390625 0.169921875
9 0.047607421875 0.7623697916666666 0.07177734375 0.08203125
11 0.378662109375 0.6770833333333334 0.07080078125 0.14453125
2 0.45703125 0.734375 0.1259765625 0.13151041666666666
4 0.63525390625 0.6279296875 0.0830078125 0.07877604166666667
4 0.64306640625 0.6702473958333334 0.0859375 0.057942708333333336
4 0.646240234375 0.7255859375 0.06982421875 0.060546875
2 0.9609375 0.6162109375 0.078125 0.08528645833333333
5 0.900634765625 0.5621744791666666 0.05908203125 0.06315104166666667
2 0.8310546875 0.5934244791666666 0.0859375 0.061848958333333336
14 0.85400390625 0.560546875 0.048828125 0.041666666666666664
17 0.52197265625 0.720703125 0.482421875 0.3502604166666667
