2 0.4765625 0.6253255208333334 0.0830078125 0.09309895833333333
9 0.519287109375 0.5182291666666666 0.04052734375 0.1015625
5 0.451904296875 0.5179036458333334 0.04833984375 0.09440104166666667
0 0.39697265625 0.58203125 0.0458984375 0.1015625
14 0.89794921875 0.580078125 0.064453125 0.06901041666666667
3 0.331787109375 0.6266276041666666 0.13330078125 0.220703125
4 0.583740234375 0.6409505208333334 0.04052734375 0.072265625
4 0.572265625 0.5198567708333334 0.046875 0.056640625
4 0.534423828125 0.61328125 0.04541015625 0.06380208333333333
8 0.4970703125 0.4736328125 0.130859375 0.11393229166666667
17 0.45849609375 0.6155598958333334 0.388671875 0.400390625
