5 0.62451171875 0.5758463541666666 0.0595703125 0.095703125
5 0.409912109375 0.6145833333333334 0.05712890625 0.11328125
6 0.49609375 0.595703125 0.05859375 0.0625
7 0.770751953125 0.5348307291666666 0.05029296875 0.169921875
10 0.29833984375 0.6295572916666666 0.0498046875 0.20963541666666666
2 0.63818359375 0.6852213541666666 0.10546875 0.11002604166666667
2 0.46875 0.7340494791666666 0.1259765625 0.12825520833333334
6 0.495849609375 0.6617838541666666 0.11083984375 0.037109375
10 0.19140625 0.7177734375 0.03515625 0.123046875
1 0.5244140625 0.6155598958333334 0.08984375 0.072265625
5 0.43701171875 0.5686848958333334 0.056640625 0.083984375
11 0.34716796875 0.6881510416666666 0.06640625 0.140625
9 0.902099609375 0.6341145833333334 0.06005859375 0.10286458333333333
11 0.82666015625 0.6448567708333334 0.0625 0.048828125
5 0.43701171875 0.568359375 0.056640625 0.08463541666666667
9 0.04833984375 0.7659505208333334 0.0546875 0.08138020833333333
8 0.086181640625 0.8727213541666666 0.17138671875 0.20247395833333334
8 0.1162109375 0.7041015625 0.11328125 0.12044270833333333
2 0.83203125 0.595703125 0.083984375 0.06380208333333333
2 0.965576171875 0.625 0.06884765625 0.08072916666666667
4 0.984375 0.5524088541666666 0.03125 0.043619791666666664
14 0.856201171875 0.5634765625 0.05712890625 0.050130208333333336
17 0.501708984375 0.6917317708333334 0.49560546875 0.380859375
