5 0.39453125 0.5764973958333334 0.052734375 0.09700520833333333
9 0.3984375 0.5078125 0.0478515625 0.08463541666666667
6 0.3134765625 0.6412760416666666 0.11328125 0.06640625
2 0.5048828125 0.5305989583333334 0.0732421875 0.07942708333333333
0 0.451171875 0.6474609375 0.1064453125 0.037109375
14 0.898193359375 0.5813802083333334 0.06201171875 0.06901041666666667
3 0.485107421875 0.6832682291666666 0.25341796875 0.21158854166666666
8 0.312255859375 0.5725911458333334 0.12255859375 0.103515625
4 0.4892578125 0.47265625 0.04296875 0.040364583333333336
17 0.44091796875 0.6233723958333334 0.359375 0.337890625
