5 0.29541015625 0.6490885416666666 0.0693359375 0.10677083333333333
6 0.59423828125 0.6754557291666666 0.0654296875 0.17252604166666666
5 0.394775390625 0.6155598958333334 0.05419921875 0.11263020833333333
10 0.1904296875 0.71875 0.037109375 0.12109375
5 0.5361328125 0.7288411458333334 0.0869140625 0.150390625
7 0.771728515625 0.5338541666666666 0.05126953125 0.17057291666666666
6 0.455322265625 0.6624348958333334 0.11865234375 0.042317708333333336
10 0.3759765625 0.5598958333333334 0.0439453125 0.16015625
9 0.901611328125 0.6344401041666666 0.05810546875 0.10091145833333333
2 0.5595703125 0.6188151041666666 0.083984375 0.080078125
11 0.8271484375 0.64453125 0.0625 0.046875
11 0.52734375 0.5634765625 0.044921875 0.09830729166666667
5 0.45263671875 0.5738932291666666 0.0751953125 0.06966145833333333
0 0.35302734375 0.7451171875 0.05078125 0.08268229166666667
0 0.436767578125 0.7083333333333334 0.09326171875 0.1015625
1 0.640869140625 0.6370442708333334 0.08447265625 0.06966145833333333
14 0.859619140625 0.5621744791666666 0.05419921875 0.060546875
2 0.832275390625 0.5908203125 0.09033203125 0.056640625
2 0.965087890625 0.6253255208333334 0.06982421875 0.068359375
4 0.9833984375 0.5611979166666666 0.033203125 0.033854166666666664
17 0.49609375 0.6904296875 0.4755859375 0.3639322916666667
