9 0.33544921875 0.5481770833333334 0.0390625 0.053385416666666664
6 0.29541015625 0.7138671875 0.09765625 0.07356770833333333
14 0.82275390625 0.634765625 0.05078125 0.061197916666666664
9 0.343994140625 0.6126302083333334 0.04248046875 0.08463541666666667
3 0.457763671875 0.6507161458333334 0.24169921875 0.13606770833333334
3 0.4169921875 0.6917317708333334 0.166015625 0.208984375
8 0.4580078125 0.5387369791666666 0.083984375 0.10221354166666667
4 0.30126953125 0.5631510416666666 0.0341796875 0.04296875
4 0.402587890625 0.5166015625 0.03759765625 0.030598958333333332
4 0.398193359375 0.5517578125 0.03759765625 0.048828125
17 0.379638671875 0.6383463541666666 0.32373046875 0.3014322916666667
2 0.73828125 0.7298177083333334 0.0810546875 0.09375
2 0.81591796875 0.7119140625 0.0849609375 0.11393229166666667
0 0.7666015625 0.7138671875 0.0908203125 0.068359375
8 0.727294921875 0.6500651041666666 0.10498046875 0.09830729166666667
8 0.08154296875 0.7630208333333334 0.162109375 0.16666666666666666
13 0.1640625 0.6412760416666666 0.04296875 0.044270833333333336
2 0.154541015625 0.6598307291666666 0.07177734375 0.076171875
