13 0.458251953125 0.6155598958333334 0.05419921875 0.06575520833333333
9 0.49365234375 0.6842447916666666 0.0625 0.11848958333333333
9 0.172119140625 0.6282552083333334 0.03466796875 0.0625
3 0.359375 0.7213541666666666 0.1640625 0.19140625
3 0.5576171875 0.5983072916666666 0.236328125 0.07552083333333333
11 0.6103515625 0.6653645833333334 0.07421875 0.0625
1 0.597900390625 0.6435546875 0.16357421875 0.027994791666666668
2 0.943115234375 0.7412109375 0.11376953125 0.10872395833333333
4 0.955078125 0.6979166666666666 0.072265625 0.053385416666666664
8 0.155517578125 0.6845703125 0.13623046875 0.076171875
8 0.27197265625 0.6451822916666666 0.1083984375 0.07682291666666667
10 0.247314453125 0.5859375 0.03271484375 0.0546875
2 0.297119140625 0.5966796875 0.06005859375 0.041015625
9 0.21142578125 0.6409505208333334 0.0400390625 0.072265625
17 0.5009765625 0.6868489583333334 0.439453125 0.24088541666666666
