5 0.50244140625 0.5514322916666666 0.037109375 0.07942708333333333
9 0.540771484375 0.5797526041666666 0.03564453125 0.087890625
2 0.451416015625 0.6344401041666666 0.06689453125 0.07877604166666667
0 0.4443359375 0.5712890625 0.064453125 0.061848958333333336
10 0.562255859375 0.5374348958333334 0.11279296875 0.09830729166666667
14 0.92333984375 0.6722005208333334 0.05859375 0.06705729166666667
6 0.5029296875 0.5068359375 0.03515625 0.046223958333333336
13 0.2587890625 0.6044921875 0.0341796875 0.044921875
2 0.25244140625 0.6162109375 0.0693359375 0.072265625
8 0.182861328125 0.7027994791666666 0.14013671875 0.14778645833333334
8 0.19091796875 0.6057942708333334 0.111328125 0.07356770833333333
9 0.116943359375 0.6243489583333334 0.04345703125 0.061197916666666664
4 0.52294921875 0.6985677083333334 0.0478515625 0.059895833333333336
4 0.503662109375 0.6634114583333334 0.04052734375 0.07161458333333333
4 0.593994140625 0.6197916666666666 0.04248046875 0.059895833333333336
3 0.38330078125 0.5862630208333334 0.1357421875 0.181640625
17 0.47021484375 0.6246744791666666 0.326171875 0.291015625
2 0.916748046875 0.75 0.09521484375 0.11458333333333333
