6 0.473388671875 0.6770833333333334 0.04345703125 0.08072916666666667
2 0.52978515625 0.6012369791666666 0.08203125 0.08138020833333333
10 0.19189453125 0.7174479166666666 0.0361328125 0.12239583333333333
7 0.77099609375 0.5338541666666666 0.05078125 0.16927083333333334
0 0.55615234375 0.7060546875 0.1103515625 0.034505208333333336
6 0.623291015625 0.6070963541666666 0.12451171875 0.080078125
14 0.8525390625 0.560546875 0.0498046875 0.046875
11 0.82861328125 0.64453125 0.0654296875 0.045572916666666664
9 0.9013671875 0.6337890625 0.0576171875 0.099609375
11 0.4111328125 0.5836588541666666 0.0537109375 0.10611979166666667
0 0.545166015625 0.7646484375 0.15283203125 0.052734375
4 0.353759765625 0.6608072916666666 0.06884765625 0.06640625
4 0.348388671875 0.7073567708333334 0.07666015625 0.055338541666666664
4 0.339111328125 0.7457682291666666 0.07666015625 0.059244791666666664
10 0.3251953125 0.5843098958333334 0.0673828125 0.11653645833333333
2 0.963623046875 0.6145833333333334 0.07275390625 0.07942708333333333
2 0.82958984375 0.5940755208333334 0.0830078125 0.06315104166666667
5 0.902099609375 0.5592447916666666 0.05419921875 0.06380208333333333
8 0.11376953125 0.7027994791666666 0.126953125 0.11783854166666667
8 0.087158203125 0.8658854166666666 0.17333984375 0.17838541666666666
17 0.49560546875 0.7180989583333334 0.46875 0.3645833333333333
