9 0.493408203125 0.5218098958333334 0.04345703125 0.09830729166666667
0 0.39013671875 0.599609375 0.03125 0.10026041666666667
14 0.4716796875 0.4710286458333333 0.048828125 0.060546875
2 0.502685546875 0.6328125 0.07958984375 0.09505208333333333
5 0.43701171875 0.5289713541666666 0.05078125 0.07747395833333333
11 0.56103515625 0.5240885416666666 0.0322265625 0.07291666666666667
4 0.595703125 0.5953776041666666 0.0419921875 0.06966145833333333
4 0.5390625 0.5797526041666666 0.04296875 0.056640625
0 0.445068359375 0.6077473958333334 0.03955078125 0.072265625
3 0.3603515625 0.6578776041666666 0.17578125 0.21028645833333334
6 0.3994140625 0.48828125 0.03515625 0.06510416666666667
1 0.41650390625 0.4840494791666667 0.107421875 0.059244791666666664
17 0.45654296875 0.6080729166666666 0.3740234375 0.3515625
