9 0.517822265625 0.5651041666666666 0.04443359375 0.08984375
11 0.4443359375 0.6061197916666666 0.0634765625 0.045572916666666664
9 0.171875 0.6279296875 0.033203125 0.061848958333333336
13 0.536865234375 0.6546223958333334 0.06103515625 0.072265625
1 0.368896484375 0.6806640625 0.10205078125 0.130859375
2 0.4326171875 0.7340494791666666 0.1181640625 0.09700520833333333
2 0.430419921875 0.6692708333333334 0.09521484375 0.10026041666666667
4 0.65234375 0.6168619791666666 0.0634765625 0.056640625
4 0.65576171875 0.6591796875 0.0625 0.050130208333333336
4 0.658935546875 0.7093098958333334 0.06005859375 0.060546875
0 0.570068359375 0.6204427083333334 0.05419921875 0.04296875
2 0.94873046875 0.6845703125 0.1025390625 0.10611979166666667
6 0.96337890625 0.6722005208333334 0.0732421875 0.046223958333333336
8 0.154052734375 0.6881510416666666 0.12841796875 0.08333333333333333
8 0.2802734375 0.642578125 0.12890625 0.06901041666666667
9 0.20654296875 0.6380208333333334 0.037109375 0.06770833333333333
10 0.248046875 0.5930989583333334 0.02734375 0.07291666666666667
17 0.506591796875 0.6982421875 0.45556640625 0.3131510416666667
