6 0.431884765625 0.7171223958333334 0.06884765625 0.09440104166666667
5 0.439697265625 0.6083984375 0.04052734375 0.087890625
2 0.48974609375 0.544921875 0.0615234375 0.06510416666666667
9 0.4052734375 0.5660807291666666 0.0390625 0.08268229166666667
0 0.50390625 0.51953125 0.0302734375 0.06901041666666667
14 0.92431640625 0.6712239583333334 0.0595703125 0.06640625
3 0.58544921875 0.6458333333333334 0.154296875 0.19921875
0 0.501953125 0.6402994791666666 0.06640625 0.056640625
8 0.370361328125 0.6402994791666666 0.09326171875 0.10091145833333333
4 0.361572265625 0.5719401041666666 0.02587890625 0.038411458333333336
4 0.439208984375 0.513671875 0.04248046875 0.044270833333333336
8 0.186279296875 0.7001953125 0.15771484375 0.12044270833333333
8 0.1796875 0.6038411458333334 0.1025390625 0.080078125
9 0.11669921875 0.619140625 0.0478515625 0.046875
13 0.2607421875 0.6028645833333334 0.0341796875 0.040364583333333336
2 0.2529296875 0.6162109375 0.064453125 0.06315104166666667
2 0.918701171875 0.7506510416666666 0.09326171875 0.11588541666666667
17 0.4755859375 0.6438802083333334 0.34375 0.3268229166666667
