9 0.621337890625 0.6477864583333334 0.05712890625 0.1171875
13 0.4375 0.6481119791666666 0.0576171875 0.072265625
1 0.513427734375 0.6018880208333334 0.12060546875 0.038411458333333336
0 0.531494140625 0.7057291666666666 0.12060546875 0.045572916666666664
2 0.390869140625 0.5569661458333334 0.08349609375 0.06315104166666667
9 0.204833984375 0.6331380208333334 0.03466796875 0.06966145833333333
9 0.17138671875 0.6279296875 0.0341796875 0.060546875
2 0.389892578125 0.6106770833333334 0.08740234375 0.055989583333333336
0 0.511474609375 0.7802734375 0.15380859375 0.051432291666666664
4 0.340087890625 0.6419270833333334 0.07080078125 0.059895833333333336
4 0.33544921875 0.6884765625 0.078125 0.052734375
4 0.323486328125 0.7255859375 0.07080078125 0.052734375
10 0.24609375 0.5865885416666666 0.0361328125 0.06770833333333333
8 0.14892578125 0.6881510416666666 0.130859375 0.08854166666666667
8 0.264404296875 0.6409505208333334 0.09130859375 0.07747395833333333
2 0.9453125 0.6839192708333334 0.109375 0.10481770833333333
6 0.9619140625 0.6682942708333334 0.076171875 0.041015625
17 0.48828125 0.6907552083333334 0.4541015625 0.3268229166666667
