2 0.522216796875 0.513671875 0.06982421875 0.07552083333333333
6 0.314453125 0.6614583333333334 0.0908203125 0.10026041666666667
13 0.324462890625 0.5719401041666666 0.05419921875 0.072265625
9 0.38818359375 0.6139322916666666 0.048828125 0.08203125
5 0.387451171875 0.6949869791666666 0.05810546875 0.11263020833333333
0 0.519287109375 0.4765625 0.02587890625 0.09505208333333333
6 0.44140625 0.5930989583333334 0.033203125 0.09114583333333333
11 0.441650390625 0.5934244791666666 0.03369140625 0.087890625
14 0.32421875 0.5719401041666666 0.0546875 0.072265625
4 0.467529296875 0.4749348958333333 0.04052734375 0.047526041666666664
4 0.4580078125 0.5130208333333334 0.046875 0.05078125
4 0.355712890625 0.5205078125 0.04150390625 0.057942708333333336
3 0.551025390625 0.6751302083333334 0.19091796875 0.22005208333333334
17 0.450927734375 0.6204427083333334 0.38525390625 0.3489583333333333
