1 0.357177734375 0.7190755208333334 0.08935546875 0.091796875
10 0.65869140625 0.5989583333333334 0.0615234375 0.203125
2 0.59521484375 0.7018229166666666 0.111328125 0.12760416666666666
7 0.7705078125 0.5358072916666666 0.048828125 0.171875
6 0.547607421875 0.642578125 0.07177734375 0.04296875
0 0.576171875 0.5856119791666666 0.08203125 0.042317708333333336
10 0.191650390625 0.716796875 0.03466796875 0.12239583333333333
11 0.827392578125 0.6442057291666666 0.06298828125 0.046223958333333336
0 0.524658203125 0.6080729166666666 0.07275390625 0.028645833333333332
9 0.901611328125 0.6337890625 0.05908203125 0.10091145833333333
9 0.048828125 0.7692057291666666 0.052734375 0.091796875
14 0.85302734375 0.560546875 0.0498046875 0.046875
2 0.42431640625 0.6334635416666666 0.0830078125 0.09244791666666667
11 0.483642578125 0.6949869791666666 0.07470703125 0.14127604166666666
2 0.964111328125 0.62109375 0.07177734375 0.09244791666666667
5 0.906494140625 0.5611979166666666 0.05615234375 0.06510416666666667
2 0.833740234375 0.5914713541666666 0.08544921875 0.057942708333333336
8 0.112548828125 0.7047526041666666 0.12255859375 0.12174479166666667
8 0.08349609375 0.8583984375 0.166015625 0.16341145833333334
17 0.515625 0.685546875 0.4736328125 0.3684895833333333
