9 0.450927734375 0.5725911458333334 0.04150390625 0.08138020833333333
2 0.447998046875 0.6569010416666666 0.09326171875 0.09635416666666667
13 0.5546875 0.6315104166666666 0.0576171875 0.06510416666666667
1 0.398193359375 0.7278645833333334 0.04052734375 0.12630208333333334
0 0.5732421875 0.5859375 0.0849609375 0.041666666666666664
9 0.17236328125 0.6285807291666666 0.0341796875 0.06315104166666667
4 0.657958984375 0.5670572916666666 0.05615234375 0.059895833333333336
4 0.66796875 0.6106770833333334 0.0546875 0.046875
4 0.6767578125 0.6451822916666666 0.0458984375 0.044270833333333336
2 0.600830078125 0.7047526041666666 0.10595703125 0.12174479166666667
11 0.39404296875 0.6282552083333334 0.064453125 0.04296875
17 0.533447265625 0.7096354166666666 0.48583984375 0.3645833333333333
9 0.20458984375 0.6341145833333334 0.048828125 0.06901041666666667
8 0.153076171875 0.6888020833333334 0.13330078125 0.08984375
8 0.28662109375 0.6419270833333334 0.11328125 0.07942708333333333
10 0.24609375 0.5852864583333334 0.0322265625 0.06510416666666667
2 0.9443359375 0.6888020833333334 0.111328125 0.11979166666666667
6 0.957763671875 0.6728515625 0.08447265625 0.052734375
