9 0.369140625 0.6490885416666666 0.0439453125 0.09505208333333333
6 0.515380859375 0.6298828125 0.08837890625 0.048828125
5 0.425537109375 0.6136067708333334 0.04345703125 0.087890625
14 0.82373046875 0.6354166666666666 0.0537109375 0.0625
8 0.73291015625 0.6481119791666666 0.1123046875 0.10481770833333333
2 0.738525390625 0.7262369791666666 0.08837890625 0.095703125
2 0.82080078125 0.7122395833333334 0.080078125 0.109375
0 0.770263671875 0.7119140625 0.09521484375 0.06966145833333333
4 0.347412109375 0.7272135416666666 0.05419921875 0.061197916666666664
4 0.316650390625 0.6396484375 0.04248046875 0.050130208333333336
4 0.267822265625 0.65625 0.04248046875 0.06380208333333333
8 0.29541015625 0.5856119791666666 0.12890625 0.080078125
3 0.4296875 0.5423177083333334 0.12890625 0.12890625
3 0.4541015625 0.5436197916666666 0.2109375 0.0703125
8 0.086669921875 0.7591145833333334 0.17236328125 0.15885416666666666
13 0.160888671875 0.6412760416666666 0.04443359375 0.049479166666666664
2 0.157958984375 0.6546223958333334 0.06982421875 0.076171875
17 0.395751953125 0.6468098958333334 0.35205078125 0.3600260416666667
