6 0.383544921875 0.6920572916666666 0.09130859375 0.06640625
5 0.427490234375 0.5963541666666666 0.03759765625 0.08463541666666667
2 0.51171875 0.5520833333333334 0.0634765625 0.06640625
0 0.48388671875 0.6477864583333334 0.0830078125 0.040364583333333336
9 0.418212890625 0.53515625 0.03759765625 0.05859375
3 0.513916015625 0.6682942708333334 0.16943359375 0.17513020833333334
10 0.353515625 0.59375 0.1064453125 0.09635416666666667
14 0.92236328125 0.6712239583333334 0.0576171875 0.06770833333333333
4 0.480224609375 0.5081380208333334 0.04150390625 0.033203125
2 0.915771484375 0.7483723958333334 0.08935546875 0.11783854166666667
8 0.177978515625 0.6985677083333334 0.15576171875 0.12890625
8 0.185791015625 0.6057942708333334 0.10107421875 0.061848958333333336
9 0.118896484375 0.625 0.04150390625 0.06510416666666667
13 0.258544921875 0.6038411458333334 0.03662109375 0.047526041666666664
2 0.25146484375 0.6155598958333334 0.0654296875 0.061848958333333336
17 0.466552734375 0.6383463541666666 0.31884765625 0.310546875
