6 0.289794921875 0.5794270833333334 0.05322265625 0.052083333333333336
9 0.41943359375 0.5387369791666666 0.0390625 0.08658854166666667
5 0.365478515625 0.5654296875 0.04345703125 0.08268229166666667
14 0.8232421875 0.6363932291666666 0.0546875 0.060546875
8 0.483642578125 0.642578125 0.12255859375 0.09114583333333333
3 0.35107421875 0.7112630208333334 0.1298828125 0.208984375
3 0.318359375 0.6888020833333334 0.197265625 0.13151041666666666
8 0.08349609375 0.7555338541666666 0.166015625 0.15169270833333334
13 0.1650390625 0.6432291666666666 0.0361328125 0.045572916666666664
2 0.15771484375 0.6585286458333334 0.0634765625 0.07356770833333333
4 0.44677734375 0.5289713541666666 0.0322265625 0.035807291666666664
8 0.7333984375 0.6468098958333334 0.115234375 0.09700520833333333
2 0.739013671875 0.7265625 0.08740234375 0.08463541666666667
2 0.817626953125 0.7180989583333334 0.07568359375 0.109375
17 0.387451171875 0.63671875 0.33544921875 0.3463541666666667
