5 0.4345703125 0.5641276041666666 0.0400390625 0.07877604166666667
9 0.471923828125 0.5250651041666666 0.03759765625 0.083984375
6 0.35205078125 0.6009114583333334 0.0791015625 0.03515625
0 0.4345703125 0.6328125 0.0703125 0.057291666666666664
2 0.535400390625 0.5836588541666666 0.06494140625 0.07356770833333333
14 0.923583984375 0.6712239583333334 0.05908203125 0.06770833333333333
17 0.463623046875 0.6002604166666666 0.33056640625 0.33984375
4 0.57080078125 0.54296875 0.0439453125 0.046875
8 0.402587890625 0.521484375 0.10595703125 0.0703125
3 0.442138671875 0.7115885416666666 0.25146484375 0.11067708333333333
2 0.9140625 0.75 0.0927734375 0.11458333333333333
8 0.175048828125 0.6988932291666666 0.15966796875 0.13997395833333334
8 0.184326171875 0.609375 0.10400390625 0.07161458333333333
9 0.118896484375 0.619140625 0.03759765625 0.061197916666666664
13 0.259521484375 0.6057942708333334 0.03857421875 0.046223958333333336
2 0.251953125 0.6175130208333334 0.064453125 0.06966145833333333
