6 0.5849609375 0.66015625 0.078125 0.08203125
14 0.924072265625 0.6722005208333334 0.06005859375 0.06705729166666667
9 0.432861328125 0.6266276041666666 0.03955078125 0.09440104166666667
2 0.42822265625 0.5576171875 0.060546875 0.056640625
6 0.5234375 0.5882161458333334 0.0390625 0.056640625
0 0.41748046875 0.5400390625 0.0302734375 0.072265625
8 0.49462890625 0.6842447916666666 0.11328125 0.125
3 0.543212890625 0.5540364583333334 0.17138671875 0.10807291666666667
2 0.915771484375 0.7513020833333334 0.09130859375 0.11458333333333333
4 0.356201171875 0.599609375 0.03662109375 0.052083333333333336
4 0.394287109375 0.6917317708333334 0.05419921875 0.048828125
4 0.395751953125 0.5983072916666666 0.03466796875 0.044270833333333336
8 0.175537109375 0.7021484375 0.13623046875 0.138671875
8 0.186279296875 0.6057942708333334 0.10400390625 0.07096354166666667
13 0.258056640625 0.6028645833333334 0.03955078125 0.045572916666666664
2 0.251220703125 0.6184895833333334 0.05712890625 0.06770833333333333
5 0.493896484375 0.5986328125 0.04736328125 0.076171875
17 0.4736328125 0.6416015625 0.3359375 0.3170572916666667
9 0.116943359375 0.6223958333333334 0.04150390625 0.059895833333333336
