9 0.50341796875 0.5289713541666666 0.0341796875 0.08528645833333333
2 0.525390625 0.6097005208333334 0.0693359375 0.07486979166666667
5 0.44873046875 0.5501302083333334 0.0390625 0.078125
0 0.421875 0.6207682291666666 0.0400390625 0.080078125
6 0.375732421875 0.55859375 0.05126953125 0.053385416666666664
14 0.923583984375 0.671875 0.05712890625 0.06901041666666667
3 0.415771484375 0.6708984375 0.19189453125 0.12044270833333333
4 0.593017578125 0.5862630208333334 0.04052734375 0.054036458333333336
4 0.529296875 0.5166015625 0.029296875 0.038411458333333336
2 0.91259765625 0.7542317708333334 0.09375 0.115234375
8 0.181640625 0.7034505208333334 0.150390625 0.13606770833333334
8 0.186767578125 0.6051432291666666 0.10498046875 0.06705729166666667
9 0.12158203125 0.6236979166666666 0.044921875 0.06510416666666667
13 0.256103515625 0.6057942708333334 0.03955078125 0.054036458333333336
2 0.25146484375 0.6197916666666666 0.0654296875 0.06770833333333333
8 0.44580078125 0.5009765625 0.0966796875 0.07486979166666667
17 0.46435546875 0.6236979166666666 0.3212890625 0.3059895833333333
