5 0.595458984375 0.591796875 0.05126953125 0.10026041666666667
1 0.368896484375 0.7259114583333334 0.11376953125 0.08203125
10 0.65966796875 0.5859375 0.060546875 0.1875
7 0.76953125 0.5361328125 0.0517578125 0.173828125
2 0.61376953125 0.69921875 0.11328125 0.12239583333333333
5 0.419189453125 0.5634765625 0.05810546875 0.06575520833333333
11 0.507568359375 0.6858723958333334 0.07080078125 0.14388020833333334
9 0.901123046875 0.6337890625 0.05908203125 0.10091145833333333
10 0.191650390625 0.7164713541666666 0.03466796875 0.12174479166666667
2 0.429443359375 0.6422526041666666 0.08544921875 0.09440104166666667
6 0.390625 0.6067708333333334 0.0478515625 0.041666666666666664
11 0.827880859375 0.6442057291666666 0.06396484375 0.047526041666666664
6 0.549072265625 0.6272786458333334 0.04150390625 0.027994791666666668
14 0.85498046875 0.5634765625 0.0546875 0.047526041666666664
0 0.544189453125 0.5794270833333334 0.05712890625 0.040364583333333336
0 0.515869140625 0.6064453125 0.07275390625 0.027994791666666668
8 0.085205078125 0.8740234375 0.16943359375 0.19466145833333334
8 0.11669921875 0.7083333333333334 0.1103515625 0.1171875
9 0.04931640625 0.7561848958333334 0.0625 0.055338541666666664
2 0.96826171875 0.6243489583333334 0.0634765625 0.06901041666666667
2 0.830078125 0.5940755208333334 0.08203125 0.06966145833333333
17 0.51318359375 0.7060546875 0.474609375 0.3352864583333333
