10 0.560302734375 0.5302734375 0.04736328125 0.15169270833333334
5 0.503173828125 0.5673828125 0.04736328125 0.09049479166666667
5 0.459228515625 0.5569661458333334 0.04736328125 0.08138020833333333
10 0.1904296875 0.7164713541666666 0.0361328125 0.12044270833333333
7 0.77099609375 0.5358072916666666 0.0517578125 0.17317708333333334
2 0.493408203125 0.6604817708333334 0.09228515625 0.10221354166666667
6 0.388671875 0.689453125 0.1328125 0.10677083333333333
1 0.563232421875 0.7389322916666666 0.18115234375 0.09375
0 0.403076171875 0.6389973958333334 0.07666015625 0.068359375
9 0.901123046875 0.6337890625 0.05810546875 0.10091145833333333
0 0.397705078125 0.6217447916666666 0.08740234375 0.041666666666666664
11 0.632080078125 0.6171875 0.04541015625 0.1328125
5 0.317138671875 0.66796875 0.07568359375 0.11979166666666667
11 0.631591796875 0.6162109375 0.04345703125 0.12955729166666666
14 0.8544921875 0.5647786458333334 0.0556640625 0.050130208333333336
11 0.42578125 0.0146484375 0.0615234375 0.027994791666666668
8 0.08203125 0.8603515625 0.1630859375 0.177734375
8 0.1171875 0.7076822916666666 0.1171875 0.125
9 0.05029296875 0.751953125 0.0625 0.061197916666666664
11 0.8310546875 0.6468098958333334 0.0693359375 0.055338541666666664
2 0.966796875 0.6197916666666666 0.06640625 0.07421875
2 0.830078125 0.5963541666666666 0.083984375 0.06770833333333333
4 0.981201171875 0.5501302083333334 0.03759765625 0.0390625
17 0.51416015625 0.6770833333333334 0.46875 0.4127604166666667
