6 0.513671875 0.7369791666666666 0.06640625 0.11458333333333333
5 0.332275390625 0.7001953125 0.07861328125 0.12955729166666666
10 0.637939453125 0.5406901041666666 0.05517578125 0.16341145833333334
2 0.3779296875 0.59375 0.07421875 0.07291666666666667
5 0.606689453125 0.7001953125 0.08154296875 0.13346354166666666
5 0.583984375 0.6009114583333334 0.0546875 0.10026041666666667
7 0.770263671875 0.5348307291666666 0.05126953125 0.17252604166666666
6 0.4951171875 0.6432291666666666 0.1044921875 0.048177083333333336
10 0.189697265625 0.7174479166666666 0.03564453125 0.12239583333333333
1 0.45751953125 0.7236328125 0.1083984375 0.12434895833333333
0 0.3955078125 0.6861979166666666 0.03125 0.09765625
9 0.9013671875 0.6341145833333334 0.0595703125 0.1015625
6 0.491455078125 0.5657552083333334 0.07958984375 0.0703125
11 0.8271484375 0.64453125 0.0634765625 0.048177083333333336
14 0.855712890625 0.564453125 0.05517578125 0.048177083333333336
2 0.834228515625 0.5947265625 0.08447265625 0.054036458333333336
2 0.966064453125 0.626953125 0.06787109375 0.0625
8 0.086669921875 0.8772786458333334 0.17236328125 0.208984375
8 0.11376953125 0.708984375 0.1181640625 0.11588541666666667
9 0.044189453125 0.7545572916666666 0.05419921875 0.061197916666666664
17 0.51171875 0.6666666666666666 0.4716796875 0.3841145833333333
