5 0.5927734375 0.4837239583333333 0.044921875 0.08854166666666667
9 0.651123046875 0.5087890625 0.04443359375 0.10221354166666667
0 0.529541015625 0.5221354166666666 0.05712890625 0.07942708333333333
6 0.564697265625 0.4479166666666667 0.02978515625 0.06901041666666667
2 0.575439453125 0.5849609375 0.07958984375 0.087890625
3 0.455322265625 0.5462239583333334 0.10595703125 0.21484375
8 0.339599609375 0.5130208333333334 0.12353515625 0.08463541666666667
8 0.3525390625 0.4348958333333333 0.0849609375 0.06640625
13 0.411865234375 0.4388020833333333 0.03564453125 0.041666666666666664
2 0.40625 0.4508463541666667 0.0615234375 0.059244791666666664
9 0.294921875 0.4332682291666667 0.0322265625 0.047526041666666664
4 0.71435546875 0.5354817708333334 0.0478515625 0.054036458333333336
4 0.63427734375 0.5947265625 0.0478515625 0.061848958333333336
4 0.67578125 0.642578125 0.0517578125 0.06640625
8 0.65185546875 0.4514973958333333 0.125 0.09440104166666667
17 0.59716796875 0.5755208333333334 0.3603515625 0.3450520833333333
