9 0.363037109375 0.5439453125 0.03955078125 0.080078125
6 0.265869140625 0.6692708333333334 0.10302734375 0.0390625
5 0.34228515625 0.5950520833333334 0.0458984375 0.08203125
14 0.8232421875 0.6357421875 0.052734375 0.061848958333333336
3 0.412353515625 0.6748046875 0.27001953125 0.09830729166666667
3 0.3662109375 0.7242838541666666 0.255859375 0.17122395833333334
8 0.485107421875 0.5693359375 0.11962890625 0.099609375
8 0.731201171875 0.6487630208333334 0.10498046875 0.09309895833333333
2 0.738037109375 0.7278645833333334 0.08544921875 0.09244791666666667
2 0.818603515625 0.7102864583333334 0.07763671875 0.10807291666666667
0 0.769775390625 0.7083333333333334 0.09033203125 0.0625
8 0.0810546875 0.7633463541666666 0.1611328125 0.16731770833333334
13 0.162841796875 0.6419270833333334 0.04052734375 0.05078125
2 0.15576171875 0.6578776041666666 0.0654296875 0.07747395833333333
17 0.377685546875 0.6416015625 0.31787109375 0.3170572916666667
