9 0.45703125 0.5940755208333334 0.037109375 0.087890625
5 0.42236328125 0.5638020833333334 0.0380859375 0.08203125
6 0.439453125 0.5113932291666666 0.03125 0.037109375
14 0.823486328125 0.6350911458333334 0.05322265625 0.060546875
8 0.7255859375 0.646484375 0.1103515625 0.08854166666666667
2 0.738037109375 0.7265625 0.07861328125 0.08984375
2 0.82177734375 0.7132161458333334 0.08203125 0.11393229166666667
0 0.76171875 0.7138671875 0.09765625 0.061848958333333336
8 0.083984375 0.7561848958333334 0.1669921875 0.14908854166666666
13 0.159423828125 0.6432291666666666 0.03955078125 0.05078125
2 0.1552734375 0.6575520833333334 0.0751953125 0.06640625
3 0.318359375 0.5690104166666666 0.13671875 0.15494791666666666
3 0.299072265625 0.587890625 0.18994140625 0.10677083333333333
4 0.51220703125 0.6266276041666666 0.0361328125 0.059244791666666664
4 0.411865234375 0.6702473958333334 0.02880859375 0.055338541666666664
4 0.4228515625 0.7151692708333334 0.052734375 0.048828125
8 0.346435546875 0.69921875 0.10400390625 0.1328125
17 0.396240234375 0.6399739583333334 0.32666015625 0.32421875
