2 0.6123046875 0.5764973958333334 0.0791015625 0.08528645833333333
5 0.56640625 0.4820963541666667 0.0419921875 0.09049479166666667
6 0.506103515625 0.4635416666666667 0.03076171875 0.0703125
9 0.633544921875 0.4814453125 0.03857421875 0.091796875
0 0.51806640625 0.5432942708333334 0.0302734375 0.08658854166666667
3 0.47265625 0.5849609375 0.1494140625 0.19075520833333334
4 0.711181640625 0.587890625 0.04150390625 0.0703125
4 0.67626953125 0.4840494791666667 0.048828125 0.054036458333333336
4 0.664306640625 0.5693359375 0.03759765625 0.052734375
8 0.599365234375 0.4361979166666667 0.10888671875 0.09375
8 0.3359375 0.5143229166666666 0.12890625 0.10416666666666667
8 0.348876953125 0.4326171875 0.07373046875 0.061848958333333336
13 0.411865234375 0.4407552083333333 0.03759765625 0.04296875
2 0.406005859375 0.4514973958333333 0.05908203125 0.060546875
9 0.296875 0.4296875 0.0302734375 0.040364583333333336
17 0.580078125 0.5608723958333334 0.357421875 0.337890625
