5 0.3154296875 0.6337890625 0.060546875 0.10481770833333333
9 0.368896484375 0.5804036458333334 0.04833984375 0.08919270833333333
2 0.546142578125 0.5628255208333334 0.07470703125 0.07877604166666667
0 0.55908203125 0.525390625 0.0458984375 0.10286458333333333
14 0.371826171875 0.5052083333333334 0.04931640625 0.06510416666666667
11 0.42236328125 0.5833333333333334 0.041015625 0.08072916666666667
6 0.308837890625 0.572265625 0.08349609375 0.033854166666666664
0 0.437255859375 0.5657552083333334 0.11669921875 0.040364583333333336
9 0.42236328125 0.5830078125 0.041015625 0.080078125
13 0.37158203125 0.5055338541666666 0.0498046875 0.064453125
6 0.32470703125 0.5709635416666666 0.123046875 0.03515625
3 0.46630859375 0.6774088541666666 0.2939453125 0.14127604166666666
4 0.436279296875 0.4781901041666667 0.04052734375 0.051432291666666664
4 0.510009765625 0.5234375 0.05126953125 0.0390625
4 0.5478515625 0.494140625 0.0439453125 0.044270833333333336
17 0.458984375 0.6204427083333334 0.3896484375 0.3658854166666667
