13 0.44189453125 0.6546223958333334 0.0595703125 0.072265625
9 0.6064453125 0.6204427083333334 0.052734375 0.10546875
11 0.54345703125 0.599609375 0.0478515625 0.053385416666666664
9 0.171875 0.6298828125 0.033203125 0.061848958333333336
3 0.5146484375 0.7698567708333334 0.3837890625 0.16861979166666666
3 0.34619140625 0.638671875 0.2119140625 0.13541666666666666
1 0.494140625 0.6106770833333334 0.0576171875 0.07552083333333333
8 0.151611328125 0.6881510416666666 0.13916015625 0.07942708333333333
8 0.2763671875 0.6373697916666666 0.1162109375 0.07161458333333333
10 0.245849609375 0.5843098958333334 0.02978515625 0.055338541666666664
2 0.2939453125 0.595703125 0.0615234375 0.0390625
2 0.941650390625 0.740234375 0.11669921875 0.11979166666666667
4 0.95068359375 0.7005208333333334 0.0849609375 0.052083333333333336
17 0.502685546875 0.712890625 0.49267578125 0.2799479166666667
