5 0.341552734375 0.5152994791666666 0.04833984375 0.09440104166666667
6 0.419921875 0.4873046875 0.0595703125 0.055338541666666664
9 0.40576171875 0.5179036458333334 0.0390625 0.080078125
14 0.484130859375 0.4739583333333333 0.05029296875 0.06640625
0 0.538818359375 0.5494791666666666 0.09521484375 0.029947916666666668
0 0.4736328125 0.5699869791666666 0.0341796875 0.056640625
11 0.422119140625 0.5563151041666666 0.03857421875 0.07356770833333333
2 0.52490234375 0.6217447916666666 0.0712890625 0.11458333333333333
3 0.354736328125 0.6806640625 0.15771484375 0.22330729166666666
4 0.55517578125 0.5006510416666666 0.0478515625 0.045572916666666664
4 0.593994140625 0.6044921875 0.03857421875 0.061848958333333336
17 0.4599609375 0.62109375 0.373046875 0.34765625
