6 0.579833984375 0.5266927083333334 0.06787109375 0.07161458333333333
9 0.51123046875 0.5146484375 0.041015625 0.08658854166666667
0 0.463134765625 0.6038411458333334 0.08740234375 0.041015625
0 0.500244140625 0.6637369791666666 0.04541015625 0.119140625
2 0.36767578125 0.6380208333333334 0.0751953125 0.11067708333333333
14 0.5810546875 0.5755208333333334 0.056640625 0.07682291666666667
11 0.462158203125 0.5397135416666666 0.03076171875 0.08723958333333333
5 0.5048828125 0.451171875 0.0380859375 0.06380208333333333
3 0.373291015625 0.5201822916666666 0.18896484375 0.12890625
4 0.412353515625 0.728515625 0.06591796875 0.061197916666666664
4 0.436279296875 0.6585286458333334 0.05517578125 0.068359375
4 0.565185546875 0.6653645833333334 0.04248046875 0.07291666666666667
17 0.473876953125 0.6051432291666666 0.36669921875 0.3678385416666667
