2 0.427734375 0.5205078125 0.0693359375 0.07096354166666667
9 0.372802734375 0.5817057291666666 0.05419921875 0.11263020833333333
5 0.44677734375 0.60546875 0.0546875 0.09765625
0 0.431640625 0.4934895833333333 0.02734375 0.08463541666666667
14 0.89794921875 0.5810546875 0.0634765625 0.068359375
4 0.3115234375 0.6422526041666666 0.052734375 0.055338541666666664
4 0.34228515625 0.53125 0.0439453125 0.045572916666666664
6 0.463623046875 0.7347005208333334 0.02685546875 0.12565104166666666
8 0.3896484375 0.7021484375 0.146484375 0.14908854166666666
0 0.511474609375 0.5989583333333334 0.02685546875 0.08723958333333333
3 0.564208984375 0.5856119791666666 0.13818359375 0.20768229166666666
17 0.467529296875 0.6350911458333334 0.39794921875 0.380859375
