9 0.523681640625 0.6100260416666666 0.03857421875 0.08854166666666667
3 0.435791015625 0.5475260416666666 0.16845703125 0.11458333333333333
14 0.923828125 0.6705729166666666 0.060546875 0.06770833333333333
0 0.46630859375 0.5611979166666666 0.06640625 0.03125
8 0.592041015625 0.5787760416666666 0.08837890625 0.125
4 0.44091796875 0.7109375 0.0517578125 0.048177083333333336
4 0.566650390625 0.6689453125 0.03759765625 0.060546875
4 0.453369140625 0.6640625 0.05615234375 0.05078125
2 0.421142578125 0.6188151041666666 0.07275390625 0.072265625
5 0.5146484375 0.5485026041666666 0.033203125 0.057942708333333336
8 0.1826171875 0.69921875 0.1484375 0.13020833333333334
8 0.185791015625 0.607421875 0.10693359375 0.06510416666666667
13 0.2587890625 0.6057942708333334 0.0341796875 0.046223958333333336
2 0.248779296875 0.6181640625 0.05615234375 0.07356770833333333
9 0.12109375 0.6201171875 0.03515625 0.055338541666666664
2 0.916748046875 0.7522786458333334 0.08544921875 0.119140625
17 0.493408203125 0.6259765625 0.31494140625 0.2962239583333333
