9 0.474853515625 0.6399739583333334 0.04150390625 0.08984375
9 0.48974609375 0.5709635416666666 0.0341796875 0.06901041666666667
9 0.415771484375 0.615234375 0.04052734375 0.09375
6 0.5185546875 0.6279296875 0.0556640625 0.029296875
14 0.822509765625 0.6357421875 0.05419921875 0.061848958333333336
5 0.451416015625 0.5423177083333334 0.03955078125 0.07942708333333333
8 0.290771484375 0.6360677083333334 0.11376953125 0.1171875
8 0.37255859375 0.5380859375 0.12109375 0.10221354166666667
4 0.357666015625 0.6761067708333334 0.05126953125 0.054036458333333336
4 0.3349609375 0.7252604166666666 0.056640625 0.0546875
4 0.39404296875 0.7220052083333334 0.052734375 0.05078125
8 0.728759765625 0.6494140625 0.09814453125 0.08919270833333333
2 0.739501953125 0.7278645833333334 0.07373046875 0.08723958333333333
2 0.821533203125 0.7096354166666666 0.06884765625 0.11067708333333333
17 0.4013671875 0.6315104166666666 0.314453125 0.2799479166666667
