10 0.539306640625 0.6624348958333334 0.06884765625 0.23111979166666666
5 0.686767578125 0.6722005208333334 0.07763671875 0.12825520833333334
2 0.45361328125 0.6110026041666666 0.0771484375 0.083984375
10 0.19189453125 0.7184244791666666 0.0361328125 0.12174479166666667
7 0.770263671875 0.53515625 0.05224609375 0.171875
5 0.582275390625 0.6507161458333334 0.03564453125 0.12825520833333334
5 0.564208984375 0.5514322916666666 0.05419921875 0.0703125
11 0.36572265625 0.6529947916666666 0.056640625 0.11067708333333333
9 0.902099609375 0.6341145833333334 0.05908203125 0.1015625
11 0.828857421875 0.6448567708333334 0.06591796875 0.046223958333333336
2 0.415283203125 0.7242838541666666 0.11767578125 0.12955729166666666
8 0.115234375 0.708984375 0.1337890625 0.125
8 0.0810546875 0.8688151041666666 0.1611328125 0.19466145833333334
9 0.046630859375 0.7568359375 0.06298828125 0.059244791666666664
6 0.489013671875 0.568359375 0.05712890625 0.026041666666666668
2 0.829345703125 0.5953776041666666 0.08935546875 0.052734375
2 0.966064453125 0.6266276041666666 0.06787109375 0.07877604166666667
2 0.832763671875 0.5963541666666666 0.09130859375 0.06510416666666667
14 0.85693359375 0.5602213541666666 0.0615234375 0.056640625
17 0.50830078125 0.6979166666666666 0.490234375 0.3346354166666667
