9 0.373291015625 0.6139322916666666 0.05224609375 0.1015625
13 0.54150390625 0.6136067708333334 0.0537109375 0.06705729166666667
11 0.3759765625 0.6852213541666666 0.076171875 0.06575520833333333
1 0.517578125 0.736328125 0.1923828125 0.046875
0 0.44677734375 0.6165364583333334 0.09375 0.049479166666666664
0 0.4560546875 0.5895182291666666 0.0986328125 0.030598958333333332
9 0.17138671875 0.6279296875 0.033203125 0.060546875
4 0.58740234375 0.5338541666666666 0.064453125 0.045572916666666664
4 0.582275390625 0.5677083333333334 0.05224609375 0.036458333333333336
2 0.642822265625 0.6028645833333334 0.09033203125 0.08984375
2 0.640869140625 0.6627604166666666 0.11083984375 0.09244791666666667
6 0.963134765625 0.6705729166666666 0.07373046875 0.041666666666666664
2 0.947021484375 0.6891276041666666 0.10595703125 0.115234375
8 0.152099609375 0.6848958333333334 0.13720703125 0.08203125
8 0.279296875 0.6383463541666666 0.1171875 0.07486979166666667
9 0.206787109375 0.6376953125 0.04052734375 0.076171875
10 0.24658203125 0.5872395833333334 0.03125 0.06640625
17 0.519287109375 0.6748046875 0.44580078125 0.314453125
