5 0.425537109375 0.5823567708333334 0.04150390625 0.083984375
6 0.354248046875 0.6520182291666666 0.10009765625 0.038411458333333336
9 0.4423828125 0.53125 0.0361328125 0.078125
2 0.525146484375 0.5628255208333334 0.06884765625 0.068359375
0 0.45947265625 0.6442057291666666 0.0849609375 0.033203125
14 0.92333984375 0.6712239583333334 0.0576171875 0.06901041666666667
3 0.48388671875 0.6868489583333334 0.212890625 0.14713541666666666
4 0.525634765625 0.5139973958333334 0.04638671875 0.033203125
2 0.916748046875 0.7444661458333334 0.09326171875 0.11783854166666667
13 0.256591796875 0.6051432291666666 0.03857421875 0.047526041666666664
2 0.248779296875 0.6139322916666666 0.06005859375 0.06510416666666667
8 0.1796875 0.7027994791666666 0.150390625 0.134765625
9 0.118896484375 0.6168619791666666 0.03759765625 0.054036458333333336
8 0.187255859375 0.6009114583333334 0.10595703125 0.06901041666666667
8 0.364990234375 0.5582682291666666 0.08935546875 0.07747395833333333
17 0.4638671875 0.6409505208333334 0.3427734375 0.3352864583333333
