9 0.509521484375 0.5556640625 0.04052734375 0.10221354166666667
2 0.41455078125 0.6533203125 0.080078125 0.10221354166666667
6 0.5078125 0.4798177083333333 0.03125 0.06640625
5 0.474609375 0.5205078125 0.037109375 0.095703125
0 0.412353515625 0.5569661458333334 0.06787109375 0.083984375
0 0.425537109375 0.5950520833333334 0.08251953125 0.036458333333333336
14 0.5546875 0.5068359375 0.05078125 0.068359375
6 0.561767578125 0.6057942708333334 0.03173828125 0.08919270833333333
17 0.464599609375 0.6315104166666666 0.39892578125 0.3958333333333333
3 0.33740234375 0.5817057291666666 0.14453125 0.22981770833333334
4 0.533447265625 0.6979166666666666 0.05419921875 0.06901041666666667
4 0.499755859375 0.640625 0.04052734375 0.06770833333333333
4 0.598876953125 0.5755208333333334 0.04345703125 0.0625
