9 0.60546875 0.5849609375 0.048828125 0.099609375
0 0.6669921875 0.6891276041666666 0.076171875 0.091796875
0 0.596923828125 0.658203125 0.05908203125 0.049479166666666664
9 0.17138671875 0.6279296875 0.033203125 0.060546875
11 0.533447265625 0.5983072916666666 0.04541015625 0.053385416666666664
2 0.343994140625 0.6243489583333334 0.08837890625 0.08463541666666667
2 0.3447265625 0.6796875 0.111328125 0.0859375
4 0.51025390625 0.6761067708333334 0.0830078125 0.06575520833333333
4 0.515625 0.7288411458333334 0.0595703125 0.057942708333333336
4 0.5009765625 0.7737630208333334 0.0791015625 0.06315104166666667
2 0.94775390625 0.6875 0.1044921875 0.10286458333333333
6 0.960205078125 0.6708984375 0.07958984375 0.043619791666666664
1 0.434814453125 0.6214192708333334 0.09228515625 0.033203125
9 0.209716796875 0.6393229166666666 0.03857421875 0.07552083333333333
8 0.158203125 0.6868489583333334 0.1279296875 0.07552083333333333
8 0.26416015625 0.6389973958333334 0.08984375 0.06575520833333333
17 0.50830078125 0.6985677083333334 0.4482421875 0.2838541666666667
