6 0.582763671875 0.67578125 0.08154296875 0.10026041666666667
5 0.592041015625 0.5511067708333334 0.04638671875 0.10091145833333333
9 0.553466796875 0.5032552083333334 0.04345703125 0.09635416666666667
2 0.64697265625 0.4847005208333333 0.0703125 0.072265625
0 0.66259765625 0.5947265625 0.0791015625 0.055338541666666664
3 0.754150390625 0.6201171875 0.14013671875 0.24934895833333334
8 0.515625 0.5755208333333334 0.1181640625 0.11197916666666667
4 0.5 0.5068359375 0.03515625 0.047526041666666664
4 0.585205078125 0.4466145833333333 0.04345703125 0.037760416666666664
4 0.603515625 0.4762369791666667 0.0322265625 0.052734375
8 0.394775390625 0.494140625 0.10693359375 0.09114583333333333
8 0.40576171875 0.4189453125 0.0830078125 0.07096354166666667
9 0.3525390625 0.4153645833333333 0.03125 0.046875
13 0.468994140625 0.4296875 0.03759765625 0.040364583333333336
2 0.460693359375 0.4404296875 0.05615234375 0.057942708333333336
17 0.63671875 0.5911458333333334 0.373046875 0.36328125
