5 0.482421875 0.5452473958333334 0.0400390625 0.080078125
0 0.429443359375 0.5888671875 0.04443359375 0.076171875
9 0.536865234375 0.5556640625 0.03369140625 0.08658854166666667
6 0.45068359375 0.5169270833333334 0.01953125 0.0625
2 0.481689453125 0.6344401041666666 0.06689453125 0.07747395833333333
14 0.923095703125 0.6705729166666666 0.05908203125 0.06770833333333333
8 0.525634765625 0.5074869791666666 0.10107421875 0.083984375
4 0.585693359375 0.568359375 0.04248046875 0.048177083333333336
4 0.573486328125 0.6656901041666666 0.04248046875 0.054036458333333336
4 0.53076171875 0.6370442708333334 0.04296875 0.060546875
3 0.362548828125 0.609375 0.10107421875 0.1796875
8 0.177490234375 0.7060546875 0.15087890625 0.14388020833333334
8 0.18798828125 0.6077473958333334 0.0947265625 0.072265625
13 0.257568359375 0.6028645833333334 0.03662109375 0.045572916666666664
2 0.249267578125 0.6188151041666666 0.06787109375 0.07486979166666667
9 0.120361328125 0.6168619791666666 0.04052734375 0.059244791666666664
2 0.91357421875 0.7568359375 0.09765625 0.12565104166666666
17 0.47119140625 0.6236979166666666 0.328125 0.3255208333333333
