6 0.498291015625 0.6695963541666666 0.06884765625 0.07486979166666667
9 0.34423828125 0.6422526041666666 0.044921875 0.09440104166666667
14 0.822998046875 0.6344401041666666 0.05419921875 0.061848958333333336
3 0.459228515625 0.5537109375 0.17529296875 0.16341145833333334
5 0.41064453125 0.6253255208333334 0.04296875 0.09049479166666667
3 0.4931640625 0.5729166666666666 0.1484375 0.11067708333333333
8 0.31640625 0.5595703125 0.1142578125 0.07747395833333333
4 0.30322265625 0.7083333333333334 0.0546875 0.05078125
4 0.2705078125 0.619140625 0.029296875 0.046875
4 0.313232421875 0.6126302083333334 0.03955078125 0.040364583333333336
13 0.161865234375 0.6419270833333334 0.04052734375 0.048177083333333336
2 0.157470703125 0.6555989583333334 0.07470703125 0.06770833333333333
8 0.08056640625 0.7633463541666666 0.16015625 0.16341145833333334
8 0.7333984375 0.6474609375 0.1044921875 0.095703125
2 0.740234375 0.7242838541666666 0.0830078125 0.08528645833333333
2 0.818603515625 0.7083333333333334 0.07763671875 0.1015625
0 0.7685546875 0.7096354166666666 0.080078125 0.059895833333333336
17 0.406494140625 0.6481119791666666 0.31591796875 0.3404947916666667
