9 0.55810546875 0.5712890625 0.0439453125 0.10221354166666667
2 0.452880859375 0.5498046875 0.07763671875 0.080078125
5 0.56494140625 0.5013020833333334 0.046875 0.06640625
6 0.63525390625 0.490234375 0.0869140625 0.036458333333333336
8 0.646728515625 0.5621744791666666 0.12451171875 0.146484375
3 0.511962890625 0.4791666666666667 0.20263671875 0.10286458333333333
4 0.439208984375 0.6598307291666666 0.05712890625 0.059244791666666664
4 0.591552734375 0.6578776041666666 0.05224609375 0.06966145833333333
4 0.475341796875 0.6051432291666666 0.05419921875 0.050130208333333336
8 0.279296875 0.5315755208333334 0.11328125 0.10221354166666667
8 0.28759765625 0.4459635416666667 0.080078125 0.06640625
13 0.347412109375 0.4521484375 0.03369140625 0.039713541666666664
2 0.346435546875 0.4645182291666667 0.06005859375 0.056640625
0 0.5224609375 0.5055338541666666 0.0673828125 0.033203125
9 0.22802734375 0.4576822916666667 0.03515625 0.0625
17 0.537109375 0.5862630208333334 0.3583984375 0.353515625
