5 0.66796875 0.6090494791666666 0.072265625 0.10481770833333333
10 0.34912109375 0.6487630208333334 0.0654296875 0.21549479166666666
2 0.51416015625 0.5979817708333334 0.080078125 0.080078125
6 0.592529296875 0.5852864583333334 0.09228515625 0.053385416666666664
0 0.579345703125 0.6910807291666666 0.09326171875 0.042317708333333336
10 0.192138671875 0.7174479166666666 0.03564453125 0.12109375
5 0.459228515625 0.7571614583333334 0.08642578125 0.16145833333333334
5 0.445068359375 0.6468098958333334 0.06396484375 0.091796875
0 0.605224609375 0.7392578125 0.14111328125 0.06966145833333333
6 0.501220703125 0.6761067708333334 0.02294921875 0.07747395833333333
9 0.901611328125 0.6337890625 0.05908203125 0.10221354166666667
7 0.7705078125 0.5348307291666666 0.052734375 0.173828125
14 0.85498046875 0.5628255208333334 0.0546875 0.044921875
8 0.113037109375 0.7044270833333334 0.12158203125 0.109375
8 0.0830078125 0.8671875 0.1650390625 0.18098958333333334
9 0.0478515625 0.7513020833333334 0.0634765625 0.0625
11 0.39111328125 0.59765625 0.0498046875 0.11197916666666667
11 0.827880859375 0.6396484375 0.05712890625 0.055338541666666664
2 0.834716796875 0.5947265625 0.08740234375 0.061848958333333336
2 0.966064453125 0.6227213541666666 0.06787109375 0.080078125
