6 0.56689453125 0.669921875 0.1171875 0.052083333333333336
9 0.527587890625 0.5875651041666666 0.04345703125 0.09830729166666667
5 0.59326171875 0.5501302083333334 0.0478515625 0.09505208333333333
0 0.387451171875 0.6647135416666666 0.09619140625 0.0859375
0 0.435791015625 0.6015625 0.06591796875 0.078125
14 0.4814453125 0.6888020833333334 0.0634765625 0.08333333333333333
11 0.48388671875 0.5589192708333334 0.0390625 0.07877604166666667
4 0.308837890625 0.6178385416666666 0.04345703125 0.06640625
4 0.369140625 0.6090494791666666 0.0517578125 0.055338541666666664
2 0.363525390625 0.5462239583333334 0.06103515625 0.08463541666666667
3 0.492431640625 0.5 0.16748046875 0.11067708333333333
17 0.462646484375 0.6315104166666666 0.39697265625 0.3828125
