9 0.375244140625 0.552734375 0.04541015625 0.08463541666666667
5 0.30810546875 0.5846354166666666 0.056640625 0.09765625
0 0.492919921875 0.5185546875 0.07373046875 0.052734375
11 0.41845703125 0.572265625 0.04296875 0.07682291666666667
14 0.41259765625 0.4833984375 0.0478515625 0.06315104166666667
0 0.466064453125 0.56640625 0.06201171875 0.0390625
13 0.41259765625 0.4833984375 0.048828125 0.06315104166666667
6 0.330078125 0.5299479166666666 0.0517578125 0.026041666666666668
4 0.5771484375 0.5348307291666666 0.0439453125 0.052734375
4 0.4833984375 0.4749348958333333 0.0458984375 0.050130208333333336
3 0.413818359375 0.6917317708333334 0.25341796875 0.16471354166666666
17 0.452880859375 0.6168619791666666 0.37744140625 0.3391927083333333
