9 0.34326171875 0.5989583333333334 0.0419921875 0.08854166666666667
9 0.3427734375 0.6868489583333334 0.0439453125 0.0859375
5 0.40283203125 0.6653645833333334 0.0400390625 0.09244791666666667
9 0.276123046875 0.6298828125 0.04541015625 0.095703125
6 0.291015625 0.703125 0.072265625 0.07161458333333333
14 0.822509765625 0.6354166666666666 0.05419921875 0.0625
8 0.41455078125 0.5374348958333334 0.11328125 0.07486979166666667
8 0.4755859375 0.6012369791666666 0.1279296875 0.119140625
8 0.73388671875 0.6513671875 0.103515625 0.095703125
2 0.74072265625 0.7252604166666666 0.078125 0.08723958333333333
0 0.764892578125 0.7132161458333334 0.08935546875 0.060546875
2 0.817138671875 0.7132161458333334 0.07470703125 0.111328125
4 0.3271484375 0.548828125 0.0361328125 0.045572916666666664
4 0.291015625 0.5794270833333334 0.0322265625 0.048177083333333336
17 0.377685546875 0.646484375 0.34912109375 0.3489583333333333
