10 0.357666015625 0.5706380208333334 0.05419921875 0.16080729166666666
7 0.77197265625 0.5345052083333334 0.05078125 0.16927083333333334
10 0.19091796875 0.7190755208333334 0.03515625 0.12044270833333333
6 0.45556640625 0.66015625 0.107421875 0.05078125
6 0.616943359375 0.6650390625 0.09130859375 0.13736979166666666
2 0.557861328125 0.6142578125 0.08447265625 0.083984375
9 0.90185546875 0.6341145833333334 0.0576171875 0.10026041666666667
2 0.422119140625 0.5810546875 0.08251953125 0.06966145833333333
11 0.827880859375 0.6442057291666666 0.06396484375 0.046223958333333336
0 0.459228515625 0.7158203125 0.10302734375 0.07747395833333333
9 0.049072265625 0.7688802083333334 0.05224609375 0.08984375
0 0.37841796875 0.7633463541666666 0.078125 0.07096354166666667
4 0.328857421875 0.5947265625 0.04345703125 0.056640625
4 0.322998046875 0.6321614583333334 0.05517578125 0.045572916666666664
4 0.32470703125 0.6708984375 0.0458984375 0.037109375
11 0.500732421875 0.5595703125 0.05322265625 0.09700520833333333
1 0.632568359375 0.6253255208333334 0.08642578125 0.051432291666666664
2 0.9609375 0.6168619791666666 0.078125 0.08138020833333333
2 0.83154296875 0.5983072916666666 0.0810546875 0.06380208333333333
14 0.852783203125 0.5589192708333334 0.05712890625 0.051432291666666664
5 0.90185546875 0.5517578125 0.0654296875 0.061848958333333336
8 0.10546875 0.7021484375 0.126953125 0.11653645833333333
8 0.08251953125 0.8479817708333334 0.1640625 0.158203125
17 0.48779296875 0.6673177083333334 0.458984375 0.34375
