9 0.456787109375 0.5712890625 0.03662109375 0.09049479166666667
5 0.4072265625 0.5582682291666666 0.041015625 0.080078125
14 0.822998046875 0.6350911458333334 0.05322265625 0.061848958333333336
6 0.38623046875 0.5263671875 0.02734375 0.06315104166666667
4 0.5107421875 0.5856119791666666 0.0400390625 0.052734375
8 0.396728515625 0.7041015625 0.13623046875 0.15690104166666666
8 0.729248046875 0.6500651041666666 0.10498046875 0.095703125
2 0.73974609375 0.7333984375 0.080078125 0.09309895833333333
2 0.8173828125 0.7115885416666666 0.080078125 0.10546875
0 0.7666015625 0.7096354166666666 0.0966796875 0.06510416666666667
8 0.08349609375 0.7587890625 0.166015625 0.146484375
13 0.1630859375 0.642578125 0.0380859375 0.049479166666666664
2 0.15576171875 0.6552734375 0.0712890625 0.07747395833333333
3 0.273193359375 0.6015625 0.11962890625 0.17317708333333334
3 0.280517578125 0.623046875 0.16943359375 0.16666666666666666
17 0.38623046875 0.6399739583333334 0.3583984375 0.32421875
