10 0.548583984375 0.5296223958333334 0.04833984375 0.14778645833333334
2 0.5009765625 0.6604817708333334 0.0927734375 0.10091145833333333
7 0.771240234375 0.5345052083333334 0.05029296875 0.16927083333333334
0 0.39892578125 0.6461588541666666 0.0712890625 0.068359375
10 0.19140625 0.71875 0.03515625 0.11848958333333333
1 0.57666015625 0.7337239583333334 0.1650390625 0.09895833333333333
11 0.8271484375 0.64453125 0.0634765625 0.046875
6 0.396484375 0.6966145833333334 0.13671875 0.11979166666666667
14 0.8525390625 0.5608723958333334 0.05078125 0.046223958333333336
0 0.372802734375 0.6236979166666666 0.09619140625 0.046875
9 0.901123046875 0.6334635416666666 0.05712890625 0.09895833333333333
11 0.632080078125 0.6119791666666666 0.05419921875 0.12760416666666666
4 0.501220703125 0.5296223958333334 0.04541015625 0.039713541666666664
4 0.51220703125 0.5797526041666666 0.046875 0.031901041666666664
5 0.906982421875 0.5621744791666666 0.05908203125 0.06966145833333333
2 0.963134765625 0.6214192708333334 0.07373046875 0.09049479166666667
2 0.83203125 0.5921223958333334 0.078125 0.056640625
8 0.109619140625 0.7057291666666666 0.13525390625 0.109375
8 0.088134765625 0.8697916666666666 0.16943359375 0.19140625
9 0.04541015625 0.7545572916666666 0.0654296875 0.06901041666666667
17 0.511962890625 0.6796875 0.44775390625 0.3684895833333333
