6 0.49560546875 0.5550130208333334 0.0810546875 0.034505208333333336
14 0.82373046875 0.6350911458333334 0.0517578125 0.061848958333333336
5 0.436279296875 0.58203125 0.04248046875 0.07552083333333333
9 0.426513671875 0.6331380208333334 0.03955078125 0.09049479166666667
3 0.394287109375 0.5511067708333334 0.17724609375 0.08919270833333333
3 0.359375 0.5657552083333334 0.1923828125 0.08984375
8 0.28955078125 0.6614583333333334 0.146484375 0.109375
4 0.3544921875 0.6744791666666666 0.0478515625 0.06380208333333333
4 0.459716796875 0.7005208333333334 0.05615234375 0.061197916666666664
4 0.322021484375 0.7210286458333334 0.05517578125 0.056640625
8 0.0830078125 0.7620442708333334 0.1650390625 0.16471354166666666
2 0.154296875 0.6536458333333334 0.068359375 0.078125
13 0.161376953125 0.642578125 0.04541015625 0.044270833333333336
2 0.736572265625 0.728515625 0.08642578125 0.08854166666666667
2 0.821044921875 0.7076822916666666 0.07470703125 0.10026041666666667
8 0.7333984375 0.6458333333333334 0.1025390625 0.08723958333333333
0 0.769287109375 0.7102864583333334 0.08740234375 0.06380208333333333
17 0.402099609375 0.6389973958333334 0.33544921875 0.314453125
