5 0.4990234375 0.580078125 0.0498046875 0.10546875
6 0.4755859375 0.6585286458333334 0.0595703125 0.057942708333333336
10 0.4189453125 0.5364583333333334 0.0498046875 0.1484375
2 0.368896484375 0.7190755208333334 0.10693359375 0.11393229166666667
5 0.639404296875 0.685546875 0.08349609375 0.13411458333333334
5 0.61669921875 0.5709635416666666 0.05859375 0.0859375
10 0.1904296875 0.7184244791666666 0.0361328125 0.12174479166666667
7 0.77001953125 0.5345052083333334 0.052734375 0.17057291666666666
0 0.552978515625 0.7044270833333334 0.10986328125 0.0390625
9 0.90185546875 0.6341145833333334 0.0595703125 0.1015625
2 0.323974609375 0.6455078125 0.09912109375 0.08658854166666667
1 0.557861328125 0.6572265625 0.08740234375 0.025390625
11 0.8271484375 0.64453125 0.0625 0.048177083333333336
6 0.58935546875 0.6272786458333334 0.0576171875 0.031901041666666664
0 0.54931640625 0.7630208333333334 0.1611328125 0.05859375
11 0.38330078125 0.5804036458333334 0.052734375 0.09700520833333333
14 0.85546875 0.5608723958333334 0.0556640625 0.055338541666666664
2 0.965087890625 0.6188151041666666 0.06982421875 0.07486979166666667
2 0.829833984375 0.5953776041666666 0.08837890625 0.060546875
4 0.986328125 0.5563151041666666 0.02734375 0.035807291666666664
8 0.111572265625 0.7083333333333334 0.12060546875 0.12109375
8 0.087646484375 0.8779296875 0.17431640625 0.19986979166666666
9 0.047119140625 0.75390625 0.05810546875 0.059895833333333336
17 0.513671875 0.6875 0.5029296875 0.4388020833333333
