9 0.371826171875 0.6155598958333334 0.05224609375 0.10091145833333333
11 0.37744140625 0.6875 0.0751953125 0.06770833333333333
2 0.509033203125 0.6604817708333334 0.09423828125 0.09700520833333333
0 0.444580078125 0.6158854166666666 0.09130859375 0.049479166666666664
2 0.6552734375 0.6233723958333334 0.099609375 0.09440104166666667
1 0.522705078125 0.7369791666666666 0.19287109375 0.040364583333333336
0 0.448974609375 0.5914713541666666 0.09228515625 0.029296875
13 0.541259765625 0.6083984375 0.05419921875 0.056640625
9 0.172119140625 0.6295572916666666 0.03466796875 0.0625
4 0.582763671875 0.5309244791666666 0.05908203125 0.051432291666666664
4 0.585205078125 0.5654296875 0.05419921875 0.031901041666666664
4 0.59619140625 0.5862630208333334 0.04296875 0.031901041666666664
8 0.15625 0.6842447916666666 0.134765625 0.09114583333333333
8 0.279296875 0.642578125 0.11328125 0.06901041666666667
9 0.207763671875 0.6396484375 0.04248046875 0.072265625
10 0.247314453125 0.587890625 0.03857421875 0.06510416666666667
2 0.949462890625 0.6842447916666666 0.10107421875 0.12239583333333333
6 0.957275390625 0.6754557291666666 0.08544921875 0.043619791666666664
17 0.523193359375 0.6848958333333334 0.46337890625 0.34765625
