9 0.54296875 0.568359375 0.044921875 0.08984375
11 0.465576171875 0.6005859375 0.06103515625 0.044921875
13 0.525390625 0.6575520833333334 0.0595703125 0.07291666666666667
4 0.63037109375 0.630859375 0.07421875 0.06770833333333333
9 0.171875 0.6292317708333334 0.0341796875 0.06315104166666667
2 0.392822265625 0.6565755208333334 0.10498046875 0.09700520833333333
2 0.39990234375 0.7268880208333334 0.12109375 0.09700520833333333
4 0.639404296875 0.6819661458333334 0.06884765625 0.051432291666666664
4 0.634521484375 0.7317708333333334 0.07373046875 0.0625
0 0.576904296875 0.6236979166666666 0.02685546875 0.048177083333333336
8 0.152587890625 0.6845703125 0.14208984375 0.076171875
8 0.27294921875 0.6370442708333334 0.1298828125 0.072265625
9 0.20654296875 0.6337890625 0.044921875 0.076171875
10 0.2451171875 0.5849609375 0.0341796875 0.056640625
2 0.947021484375 0.6845703125 0.10595703125 0.10872395833333333
6 0.96044921875 0.6686197916666666 0.0791015625 0.044270833333333336
17 0.52001953125 0.7054036458333334 0.490234375 0.3118489583333333
