2 0.44677734375 0.6565755208333334 0.0947265625 0.10091145833333333
6 0.519287109375 0.63671875 0.04150390625 0.06510416666666667
10 0.635009765625 0.5315755208333334 0.04736328125 0.126953125
7 0.771240234375 0.5348307291666666 0.05126953125 0.169921875
6 0.363037109375 0.6442057291666666 0.09814453125 0.06575520833333333
10 0.191650390625 0.7194010416666666 0.03466796875 0.11979166666666667
11 0.82666015625 0.6448567708333334 0.0625 0.044921875
11 0.591064453125 0.6591796875 0.06103515625 0.14388020833333334
9 0.901123046875 0.6334635416666666 0.05712890625 0.10026041666666667
0 0.4765625 0.587890625 0.0966796875 0.040364583333333336
1 0.4423828125 0.759765625 0.2109375 0.045572916666666664
2 0.665771484375 0.6422526041666666 0.10107421875 0.09700520833333333
2 0.963134765625 0.6165364583333334 0.07373046875 0.08333333333333333
2 0.8330078125 0.59765625 0.083984375 0.06770833333333333
5 0.906005859375 0.5572916666666666 0.05712890625 0.0625
14 0.852294921875 0.5572916666666666 0.05224609375 0.048177083333333336
4 0.596923828125 0.5358072916666666 0.04150390625 0.049479166666666664
4 0.598876953125 0.5712890625 0.04541015625 0.031901041666666664
8 0.1162109375 0.7027994791666666 0.11328125 0.11783854166666667
8 0.085205078125 0.8678385416666666 0.16943359375 0.19010416666666666
9 0.047607421875 0.7548828125 0.05517578125 0.055338541666666664
17 0.5224609375 0.6702473958333334 0.470703125 0.3938802083333333
