5 0.490478515625 0.5289713541666666 0.04248046875 0.09700520833333333
0 0.428955078125 0.544921875 0.08544921875 0.06510416666666667
14 0.89892578125 0.5813802083333334 0.064453125 0.0703125
9 0.528076171875 0.572265625 0.04345703125 0.10546875
2 0.409423828125 0.625 0.08447265625 0.09505208333333333
8 0.5732421875 0.5179036458333334 0.11328125 0.12174479166666667
4 0.587890625 0.619140625 0.046875 0.06640625
4 0.476318359375 0.7233072916666666 0.05810546875 0.06510416666666667
4 0.4658203125 0.6634114583333334 0.037109375 0.06380208333333333
3 0.372314453125 0.5498046875 0.14990234375 0.18294270833333334
17 0.472900390625 0.6279296875 0.38232421875 0.3587239583333333
