6 0.4736328125 0.6780598958333334 0.04296875 0.08138020833333333
2 0.529052734375 0.6015625 0.08154296875 0.08203125
0 0.556884765625 0.7054036458333334 0.10986328125 0.034505208333333336
10 0.1904296875 0.7177734375 0.0361328125 0.12044270833333333
6 0.623291015625 0.607421875 0.12353515625 0.07942708333333333
7 0.771240234375 0.5345052083333334 0.05224609375 0.16927083333333334
11 0.826416015625 0.64453125 0.06201171875 0.045572916666666664
9 0.901123046875 0.634765625 0.05810546875 0.1015625
11 0.41162109375 0.5830078125 0.0537109375 0.107421875
0 0.550048828125 0.7646484375 0.15771484375 0.052734375
10 0.323486328125 0.5904947916666666 0.06005859375 0.12890625
4 0.35693359375 0.6627604166666666 0.0625 0.06770833333333333
4 0.34912109375 0.7063802083333334 0.0673828125 0.046875
4 0.34130859375 0.7483723958333334 0.068359375 0.056640625
2 0.963623046875 0.623046875 0.07275390625 0.0859375
2 0.832763671875 0.5927734375 0.08740234375 0.057942708333333336
14 0.851806640625 0.5579427083333334 0.05517578125 0.041666666666666664
5 0.901611328125 0.5540364583333334 0.05322265625 0.06901041666666667
8 0.11279296875 0.7076822916666666 0.1328125 0.11328125
8 0.086181640625 0.8772786458333334 0.17138671875 0.21419270833333334
9 0.044677734375 0.7561848958333334 0.06103515625 0.052734375
17 0.501220703125 0.6923828125 0.49853515625 0.3522135416666667
