9 0.617919921875 0.654296875 0.05908203125 0.11848958333333333
13 0.435546875 0.6471354166666666 0.05859375 0.07161458333333333
2 0.395751953125 0.5576171875 0.07958984375 0.06575520833333333
0 0.524658203125 0.7076822916666666 0.12158203125 0.049479166666666664
9 0.171875 0.62890625 0.03515625 0.059895833333333336
0 0.4892578125 0.7740885416666666 0.150390625 0.04296875
1 0.521484375 0.60546875 0.1171875 0.052083333333333336
5 0.329345703125 0.6774088541666666 0.06982421875 0.13997395833333334
6 0.9580078125 0.6741536458333334 0.083984375 0.047526041666666664
2 0.9482421875 0.6806640625 0.103515625 0.10611979166666667
2 0.398681640625 0.6064453125 0.08837890625 0.056640625
