9 0.614501953125 0.5924479166666666 0.04833984375 0.1015625
0 0.656982421875 0.7014973958333334 0.09716796875 0.087890625
9 0.171875 0.6285807291666666 0.0341796875 0.059244791666666664
11 0.546630859375 0.599609375 0.03759765625 0.053385416666666664
0 0.594482421875 0.6666666666666666 0.06982421875 0.049479166666666664
1 0.440673828125 0.6197916666666666 0.10400390625 0.033854166666666664
9 0.204833984375 0.6328125 0.03564453125 0.07161458333333333
2 0.3427734375 0.6106770833333334 0.0927734375 0.08333333333333333
2 0.343505859375 0.6722005208333334 0.10595703125 0.07096354166666667
4 0.477783203125 0.6790364583333334 0.07568359375 0.06510416666666667
4 0.482421875 0.7340494791666666 0.0517578125 0.055338541666666664
4 0.468994140625 0.7721354166666666 0.07275390625 0.06770833333333333
8 0.15625 0.6829427083333334 0.134765625 0.08854166666666667
8 0.259765625 0.6399739583333334 0.0947265625 0.08333333333333333
10 0.2470703125 0.5891927083333334 0.0322265625 0.06510416666666667
2 0.947509765625 0.685546875 0.10498046875 0.11979166666666667
6 0.9599609375 0.6708984375 0.080078125 0.046223958333333336
17 0.50634765625 0.7102864583333334 0.486328125 0.3411458333333333
