13 0.452392578125 0.6158854166666666 0.05322265625 0.061197916666666664
11 0.57666015625 0.6969401041666666 0.080078125 0.060546875
0 0.415771484375 0.701171875 0.05712890625 0.09635416666666667
11 0.47705078125 0.701171875 0.0634765625 0.12890625
17 0.486572265625 0.6770833333333334 0.45556640625 0.3346354166666667
5 0.363037109375 0.5921223958333334 0.05517578125 0.103515625
9 0.172119140625 0.6282552083333334 0.03369140625 0.059895833333333336
9 0.477294921875 0.701171875 0.06298828125 0.12890625
2 0.51611328125 0.5338541666666666 0.0712890625 0.06510416666666667
2 0.521240234375 0.5732421875 0.08349609375 0.06315104166666667
0 0.326416015625 0.7197265625 0.03662109375 0.072265625
1 0.60888671875 0.630859375 0.0185546875 0.08072916666666667
2 0.947509765625 0.6822916666666666 0.10498046875 0.10546875
6 0.962890625 0.6692708333333334 0.07421875 0.052083333333333336
8 0.155517578125 0.6881510416666666 0.13037109375 0.08203125
8 0.275390625 0.6354166666666666 0.1201171875 0.06770833333333333
8 0.27294921875 0.6396484375 0.107421875 0.07356770833333333
10 0.248046875 0.5895182291666666 0.033203125 0.064453125
