2 0.48681640625 0.6012369791666666 0.080078125 0.08138020833333333
10 0.41552734375 0.6689453125 0.0712890625 0.23502604166666666
7 0.771484375 0.5348307291666666 0.0498046875 0.169921875
6 0.56103515625 0.5748697916666666 0.0947265625 0.044270833333333336
10 0.190185546875 0.7171223958333334 0.03564453125 0.12174479166666667
0 0.662353515625 0.6975911458333334 0.08837890625 0.08919270833333333
11 0.826171875 0.6435546875 0.060546875 0.046223958333333336
0 0.600830078125 0.6624348958333334 0.05712890625 0.050130208333333336
14 0.85302734375 0.5611979166666666 0.05078125 0.046875
9 0.902099609375 0.6334635416666666 0.05908203125 0.10026041666666667
11 0.359375 0.6009114583333334 0.04296875 0.08072916666666667
2 0.33447265625 0.693359375 0.0966796875 0.109375
4 0.48974609375 0.6764322916666666 0.072265625 0.059895833333333336
4 0.492919921875 0.7360026041666666 0.04541015625 0.048828125
4 0.48193359375 0.7783203125 0.0673828125 0.055338541666666664
8 0.1181640625 0.7083333333333334 0.11328125 0.10677083333333333
8 0.084716796875 0.8684895833333334 0.16845703125 0.19140625
9 0.048583984375 0.7568359375 0.05908203125 0.054036458333333336
2 0.8369140625 0.5927734375 0.0830078125 0.055338541666666664
2 0.964599609375 0.6175130208333334 0.07080078125 0.08268229166666667
5 0.906005859375 0.5615234375 0.05517578125 0.068359375
17 0.501708984375 0.7200520833333334 0.47509765625 0.3489583333333333
