10 0.65234375 0.546875 0.056640625 0.13802083333333334
2 0.435791015625 0.6494140625 0.09130859375 0.09700520833333333
7 0.7705078125 0.5364583333333334 0.0498046875 0.17317708333333334
1 0.40380859375 0.7447916666666666 0.169921875 0.0625
2 0.64404296875 0.6611328125 0.111328125 0.099609375
0 0.5185546875 0.5810546875 0.0869140625 0.030598958333333332
11 0.82568359375 0.64453125 0.060546875 0.046875
6 0.37109375 0.6220703125 0.0771484375 0.048828125
6 0.50927734375 0.6481119791666666 0.0302734375 0.044921875
14 0.853759765625 0.5611979166666666 0.05029296875 0.046875
10 0.419921875 0.5472005208333334 0.025390625 0.056640625
2 0.645751953125 0.662109375 0.10986328125 0.10026041666666667
9 0.9013671875 0.6331380208333334 0.05859375 0.10091145833333333
11 0.56103515625 0.6907552083333334 0.078125 0.171875
2 0.958984375 0.6207682291666666 0.08203125 0.09440104166666667
2 0.834228515625 0.59765625 0.08837890625 0.0625
5 0.904296875 0.560546875 0.0556640625 0.06640625
8 0.34033203125 0.5856119791666666 0.095703125 0.080078125
17 0.540283203125 0.6861979166666666 0.49560546875 0.3424479166666667
