5 0.3896484375 0.6305338541666666 0.0439453125 0.08658854166666667
9 0.32373046875 0.6207682291666666 0.0458984375 0.09830729166666667
14 0.823486328125 0.6350911458333334 0.05322265625 0.060546875
6 0.45751953125 0.7119140625 0.037109375 0.099609375
3 0.455322265625 0.5732421875 0.08642578125 0.205078125
3 0.4931640625 0.6100260416666666 0.146484375 0.17057291666666666
4 0.273193359375 0.6790364583333334 0.05908203125 0.0625
4 0.289306640625 0.5768229166666666 0.03759765625 0.048177083333333336
8 0.352294921875 0.5387369791666666 0.12158203125 0.080078125
8 0.730224609375 0.6481119791666666 0.11572265625 0.08268229166666667
2 0.74267578125 0.7311197916666666 0.083984375 0.09114583333333333
2 0.819091796875 0.7096354166666666 0.08056640625 0.10416666666666667
0 0.7666015625 0.7106119791666666 0.0927734375 0.072265625
2 0.1552734375 0.6513671875 0.0703125 0.07877604166666667
8 0.078369140625 0.7571614583333334 0.15576171875 0.14583333333333334
13 0.16357421875 0.646484375 0.0390625 0.046875
17 0.40625 0.6334635416666666 0.3544921875 0.33984375
