6 0.4609375 0.6897786458333334 0.0625 0.08919270833333333
9 0.48095703125 0.6318359375 0.037109375 0.080078125
9 0.383056640625 0.619140625 0.04150390625 0.08984375
9 0.402099609375 0.6839192708333334 0.04248046875 0.095703125
14 0.822265625 0.634765625 0.0546875 0.061197916666666664
5 0.475341796875 0.57421875 0.04052734375 0.06901041666666667
4 0.270751953125 0.6735026041666666 0.04443359375 0.052734375
4 0.30810546875 0.7093098958333334 0.0498046875 0.050130208333333336
4 0.321044921875 0.65234375 0.04541015625 0.045572916666666664
8 0.30810546875 0.5888671875 0.1318359375 0.09830729166666667
8 0.416259765625 0.5358072916666666 0.12841796875 0.140625
8 0.730712890625 0.650390625 0.10205078125 0.09244791666666667
2 0.73876953125 0.7294921875 0.0732421875 0.087890625
0 0.76513671875 0.7119140625 0.09375 0.06966145833333333
2 0.820556640625 0.7024739583333334 0.08251953125 0.08203125
2 0.81396484375 0.7434895833333334 0.072265625 0.053385416666666664
17 0.3994140625 0.634765625 0.326171875 0.3138020833333333
