9 0.396484375 0.6461588541666666 0.0439453125 0.099609375
5 0.4345703125 0.6012369791666666 0.0439453125 0.08268229166666667
6 0.512939453125 0.5901692708333334 0.09130859375 0.027994791666666668
14 0.8232421875 0.634765625 0.0546875 0.0625
8 0.281494140625 0.6236979166666666 0.13623046875 0.10416666666666667
3 0.427734375 0.5413411458333334 0.1962890625 0.06966145833333333
3 0.40576171875 0.5406901041666666 0.162109375 0.095703125
4 0.398681640625 0.7272135416666666 0.05517578125 0.06901041666666667
4 0.330322265625 0.6536458333333334 0.05126953125 0.046875
4 0.281494140625 0.6930338541666666 0.05517578125 0.051432291666666664
2 0.1552734375 0.6591796875 0.0703125 0.07486979166666667
13 0.161865234375 0.6438802083333334 0.04052734375 0.046875
8 0.083984375 0.7620442708333334 0.1669921875 0.16471354166666666
8 0.73291015625 0.6468098958333334 0.103515625 0.09700520833333333
2 0.73974609375 0.7255859375 0.083984375 0.091796875
2 0.822021484375 0.7099609375 0.07470703125 0.11783854166666667
0 0.76416015625 0.7164713541666666 0.095703125 0.07877604166666667
17 0.396240234375 0.6455078125 0.32373046875 0.337890625
