5 0.444091796875 0.5725911458333334 0.05224609375 0.09830729166666667
2 0.45068359375 0.4892578125 0.06640625 0.064453125
9 0.379150390625 0.5423177083333334 0.05029296875 0.09114583333333333
0 0.512451171875 0.5738932291666666 0.04833984375 0.07356770833333333
0 0.458251953125 0.4635416666666667 0.03076171875 0.07682291666666667
3 0.595703125 0.5719401041666666 0.1494140625 0.212890625
14 0.949462890625 0.55078125 0.06298828125 0.06640625
8 0.38134765625 0.6451822916666666 0.1318359375 0.1328125
4 0.322509765625 0.5830078125 0.04150390625 0.052734375
4 0.371826171875 0.4827473958333333 0.03857421875 0.034505208333333336
8 0.212890625 0.5540364583333334 0.1240234375 0.11328125
8 0.21923828125 0.4729817708333333 0.078125 0.059244791666666664
13 0.2861328125 0.470703125 0.03125 0.0390625
9 0.15771484375 0.4759114583333333 0.0341796875 0.04296875
17 0.4716796875 0.6070963541666666 0.373046875 0.3782552083333333
