5 0.4599609375 0.615234375 0.0439453125 0.08333333333333333
2 0.46337890625 0.5432942708333334 0.0576171875 0.056640625
9 0.40380859375 0.58984375 0.0400390625 0.07682291666666667
0 0.467041015625 0.5201822916666666 0.02880859375 0.0703125
14 0.923583984375 0.6712239583333334 0.06005859375 0.06770833333333333
0 0.521484375 0.6181640625 0.04296875 0.06315104166666667
6 0.50341796875 0.7138671875 0.0234375 0.107421875
3 0.57861328125 0.6149088541666666 0.111328125 0.185546875
8 0.40576171875 0.6787109375 0.1123046875 0.119140625
4 0.354736328125 0.6246744791666666 0.04150390625 0.055338541666666664
4 0.393798828125 0.53515625 0.03857421875 0.037760416666666664
8 0.1796875 0.7021484375 0.15234375 0.119140625
2 0.921630859375 0.7457682291666666 0.09033203125 0.11263020833333333
13 0.258056640625 0.6028645833333334 0.03955078125 0.045572916666666664
2 0.251220703125 0.6155598958333334 0.05908203125 0.056640625
8 0.18310546875 0.5989583333333334 0.0830078125 0.07942708333333333
9 0.121337890625 0.6168619791666666 0.04248046875 0.056640625
17 0.479248046875 0.6328125 0.31591796875 0.32421875
