9 0.44775390625 0.5543619791666666 0.0361328125 0.08528645833333333
14 0.82373046875 0.634765625 0.0537109375 0.0625
5 0.39111328125 0.5563151041666666 0.04296875 0.080078125
6 0.347412109375 0.5400390625 0.01611328125 0.061848958333333336
4 0.493896484375 0.5553385416666666 0.03955078125 0.046875
4 0.45751953125 0.6236979166666666 0.0390625 0.045572916666666664
4 0.5048828125 0.6461588541666666 0.0361328125 0.051432291666666664
8 0.429443359375 0.685546875 0.13916015625 0.1328125
3 0.27099609375 0.6357421875 0.1318359375 0.166015625
3 0.30078125 0.6676432291666666 0.1435546875 0.205078125
8 0.08203125 0.7600911458333334 0.1630859375 0.15559895833333334
13 0.166259765625 0.6432291666666666 0.04443359375 0.045572916666666664
2 0.15625 0.6578776041666666 0.0751953125 0.06966145833333333
8 0.734375 0.6461588541666666 0.1025390625 0.095703125
2 0.739013671875 0.73046875 0.08544921875 0.1015625
2 0.81689453125 0.7057291666666666 0.0791015625 0.10416666666666667
0 0.7685546875 0.7096354166666666 0.0947265625 0.06510416666666667
17 0.386962890625 0.6383463541666666 0.34521484375 0.3079427083333333
