1 0.44140625 0.7412109375 0.1142578125 0.10091145833333333
9 0.415771484375 0.5875651041666666 0.04736328125 0.09309895833333333
2 0.59228515625 0.6956380208333334 0.1181640625 0.10091145833333333
11 0.38037109375 0.6507161458333334 0.0712890625 0.056640625
0 0.52783203125 0.5807291666666666 0.087890625 0.033854166666666664
9 0.171875 0.6276041666666666 0.033203125 0.061197916666666664
0 0.49267578125 0.6080729166666666 0.0810546875 0.037760416666666664
9 0.203125 0.6344401041666666 0.0361328125 0.07356770833333333
4 0.63916015625 0.5501302083333334 0.060546875 0.049479166666666664
4 0.64111328125 0.5849609375 0.056640625 0.038411458333333336
4 0.654296875 0.6168619791666666 0.0537109375 0.044921875
13 0.5498046875 0.6240234375 0.041015625 0.055338541666666664
8 0.28076171875 0.642578125 0.1201171875 0.06510416666666667
8 0.154296875 0.6861979166666666 0.1337890625 0.0859375
10 0.2451171875 0.5859375 0.0283203125 0.0546875
2 0.597412109375 0.646484375 0.09130859375 0.09505208333333333
2 0.947021484375 0.6888020833333334 0.10595703125 0.10546875
6 0.9609375 0.6712239583333334 0.078125 0.045572916666666664
17 0.517822265625 0.68359375 0.45458984375 0.2994791666666667
