6 0.344970703125 0.7366536458333334 0.07177734375 0.10091145833333333
9 0.319091796875 0.5849609375 0.03955078125 0.08528645833333333
14 0.823974609375 0.6354166666666666 0.05322265625 0.0625
5 0.35498046875 0.6253255208333334 0.04296875 0.08919270833333333
3 0.483642578125 0.6389973958333334 0.18701171875 0.158203125
3 0.495361328125 0.6806640625 0.15478515625 0.22330729166666666
4 0.276611328125 0.5970052083333334 0.03955078125 0.041666666666666664
4 0.362060546875 0.5266927083333334 0.04541015625 0.040364583333333336
4 0.370361328125 0.5559895833333334 0.03759765625 0.037760416666666664
8 0.423583984375 0.525390625 0.09033203125 0.08463541666666667
13 0.163330078125 0.640625 0.04150390625 0.048177083333333336
2 0.158447265625 0.6549479166666666 0.07080078125 0.06901041666666667
8 0.086181640625 0.7552083333333334 0.17138671875 0.15625
8 0.73388671875 0.6481119791666666 0.1123046875 0.091796875
2 0.740234375 0.7291666666666666 0.0791015625 0.09505208333333333
0 0.7666015625 0.7138671875 0.0986328125 0.068359375
2 0.819580078125 0.7161458333333334 0.07568359375 0.11067708333333333
17 0.38330078125 0.6572265625 0.3310546875 0.3196614583333333
