0 0.519775390625 0.5452473958333334 0.03564453125 0.06966145833333333
2 0.415283203125 0.50390625 0.06982421875 0.06770833333333333
6 0.57275390625 0.6357421875 0.0771484375 0.099609375
0 0.40966796875 0.4798177083333333 0.029296875 0.078125
9 0.401611328125 0.5807291666666666 0.04736328125 0.10677083333333333
5 0.4765625 0.5592447916666666 0.048828125 0.08333333333333333
14 0.94921875 0.5511067708333334 0.064453125 0.06575520833333333
3 0.55078125 0.5211588541666666 0.18359375 0.12955729166666666
8 0.45849609375 0.6559244791666666 0.134765625 0.11783854166666667
4 0.349853515625 0.6536458333333334 0.05712890625 0.052083333333333336
4 0.330810546875 0.5419921875 0.03076171875 0.054036458333333336
2 0.9267578125 0.6204427083333334 0.0986328125 0.11588541666666667
8 0.206787109375 0.5511067708333334 0.13623046875 0.099609375
8 0.22314453125 0.4680989583333333 0.0947265625 0.06380208333333333
13 0.2861328125 0.4713541666666667 0.037109375 0.040364583333333336
2 0.281005859375 0.4860026041666667 0.05615234375 0.06315104166666667
9 0.15869140625 0.4794921875 0.0341796875 0.054036458333333336
17 0.475341796875 0.6064453125 0.36572265625 0.3430989583333333
