9 0.43603515625 0.6744791666666666 0.0419921875 0.08203125
9 0.36083984375 0.6223958333333334 0.0419921875 0.09505208333333333
6 0.39111328125 0.7190755208333334 0.0263671875 0.107421875
14 0.82275390625 0.6354166666666666 0.0537109375 0.061197916666666664
9 0.3310546875 0.6842447916666666 0.046875 0.10026041666666667
5 0.464599609375 0.6214192708333334 0.03955078125 0.08658854166666667
8 0.461669921875 0.5494791666666666 0.12841796875 0.10807291666666667
8 0.3427734375 0.5559895833333334 0.115234375 0.08203125
4 0.268798828125 0.6184895833333334 0.04052734375 0.045572916666666664
4 0.272216796875 0.6647135416666666 0.04443359375 0.05859375
4 0.3134765625 0.6149088541666666 0.048828125 0.047526041666666664
8 0.728271484375 0.6471354166666666 0.10498046875 0.08463541666666667
2 0.738525390625 0.7275390625 0.08447265625 0.095703125
2 0.817626953125 0.7109375 0.07763671875 0.109375
0 0.763916015625 0.7102864583333334 0.09130859375 0.06380208333333333
17 0.385498046875 0.6598307291666666 0.33349609375 0.3313802083333333
