10 0.4521484375 0.5348307291666666 0.0478515625 0.15169270833333334
6 0.50146484375 0.7102864583333334 0.076171875 0.16536458333333334
6 0.459716796875 0.64453125 0.09619140625 0.03125
7 0.771728515625 0.5345052083333334 0.05029296875 0.17057291666666666
0 0.394775390625 0.6839192708333334 0.03369140625 0.09700520833333333
0 0.31982421875 0.6839192708333334 0.0615234375 0.064453125
11 0.826904296875 0.6448567708333334 0.06298828125 0.044921875
10 0.190185546875 0.7190755208333334 0.03466796875 0.119140625
1 0.644775390625 0.6809895833333334 0.02001953125 0.109375
2 0.549560546875 0.6432291666666666 0.09033203125 0.09505208333333333
2 0.52880859375 0.5670572916666666 0.080078125 0.0703125
11 0.589111328125 0.5703125 0.05517578125 0.10807291666666667
8 0.111083984375 0.7021484375 0.12548828125 0.11393229166666667
8 0.0830078125 0.8590494791666666 0.1650390625 0.17513020833333334
9 0.046630859375 0.75390625 0.05517578125 0.0625
4 0.401611328125 0.544921875 0.05615234375 0.048177083333333336
4 0.40673828125 0.5869140625 0.0517578125 0.030598958333333332
4 0.40673828125 0.6051432291666666 0.0517578125 0.033203125
9 0.901611328125 0.6328125 0.05908203125 0.11588541666666667
2 0.83203125 0.5940755208333334 0.08203125 0.060546875
2 0.963134765625 0.6204427083333334 0.07373046875 0.08333333333333333
5 0.900634765625 0.5572916666666666 0.05908203125 0.07291666666666667
14 0.85400390625 0.556640625 0.052734375 0.044270833333333336
17 0.50341796875 0.6604817708333334 0.453125 0.3795572916666667
