9 0.38818359375 0.623046875 0.0400390625 0.09114583333333333
9 0.415771484375 0.6793619791666666 0.04345703125 0.09440104166666667
9 0.486572265625 0.6214192708333334 0.03759765625 0.08138020833333333
6 0.469970703125 0.6819661458333334 0.06982421875 0.08138020833333333
14 0.822021484375 0.6344401041666666 0.05322265625 0.061848958333333336
5 0.473876953125 0.5738932291666666 0.03955078125 0.080078125
4 0.32373046875 0.6591796875 0.0498046875 0.056640625
4 0.277587890625 0.6839192708333334 0.04443359375 0.056640625
4 0.318603515625 0.7135416666666666 0.05517578125 0.052083333333333336
8 0.305419921875 0.5966796875 0.13720703125 0.107421875
8 0.419921875 0.5452473958333334 0.13671875 0.142578125
8 0.732177734375 0.6481119791666666 0.10498046875 0.09700520833333333
2 0.7392578125 0.724609375 0.0791015625 0.08463541666666667
0 0.76904296875 0.7093098958333334 0.09375 0.057942708333333336
2 0.818603515625 0.7001953125 0.07861328125 0.07877604166666667
2 0.812744140625 0.7356770833333334 0.07470703125 0.048177083333333336
17 0.393798828125 0.6311848958333334 0.30908203125 0.2923177083333333
