9 0.287841796875 0.64453125 0.04443359375 0.07942708333333333
9 0.3515625 0.5735677083333334 0.041015625 0.08203125
9 0.292236328125 0.5677083333333334 0.04052734375 0.08333333333333333
5 0.335693359375 0.6627604166666666 0.04736328125 0.08854166666666667
14 0.82275390625 0.6350911458333334 0.0546875 0.06315104166666667
6 0.27294921875 0.6337890625 0.083984375 0.029296875
8 0.7333984375 0.6510416666666666 0.1044921875 0.08333333333333333
2 0.735107421875 0.7236328125 0.09130859375 0.103515625
0 0.769287109375 0.7076822916666666 0.09130859375 0.06380208333333333
2 0.814453125 0.7115885416666666 0.08203125 0.11067708333333333
8 0.439697265625 0.6549479166666666 0.15380859375 0.14453125
8 0.462158203125 0.5572916666666666 0.10107421875 0.1015625
4 0.394775390625 0.5572916666666666 0.04248046875 0.048177083333333336
4 0.3994140625 0.5172526041666666 0.037109375 0.031901041666666664
17 0.376953125 0.6598307291666666 0.365234375 0.3483072916666667
